0.000000000000000 0.616992052230735 0.622281955484273 0.763748810658465 0.542966706431906 0.524656600655946 0.442563200974023 0.592060053173370 0.470867989066243 0.439751750593771 0.740258215095544 0.582046342428139 0.586694036203954 0.684252791530888
0.000000000000000 0.000000000000000 0.126515267111361 0.578754424216406 0.262007195589112 0.597521212287633 0.685351683303879 0.617743675175033 0.572313301010209 0.515546740286769 0.614903682151327 0.599557254187377 0.479335639957698 0.670894834394257
0.000000000000000 0.000000000000000 0.000000000000000 0.612215916559376 0.370450212286633 0.585804457149626 0.688134591040678 0.548009240108839 0.624180041273987 0.561110313454381 0.644740258775596 0.632785648275471 0.465283145163678 0.618466755475877
0.000000000000000 0.000000000000000 0.000000000000000 0.000000000000000 0.766674431612536 0.582317497540955 0.731547951734728 0.568759741900144 0.693296052398671 0.628894334551196 0.452296242391953 0.655310551068187 0.618071915574758 0.480296575620660
0.000000000000000 0.000000000000000 0.000000000000000 0.000000000000000 0.000000000000000 0.695779262379198 0.781568934388459 0.564178647625722 0.726319890875341 0.619356334530203 0.651409723129427 0.701054894311009 0.500271668931456 0.667774172043249
0.000000000000000 0.000000000000000 0.000000000000000 0.000000000000000 0.000000000000000 0.000000000000000 0.527586978717259 0.562770543881975 0.579501290053460 0.358362402783720 0.563545952362484 0.593701255171995 0.498877836509435 0.554431334886065
0.000000000000000 0.000000000000000 0.000000000000000 0.000000000000000 0.000000000000000 0.000000000000000 0.000000000000000 0.599495411793226 0.426645920140986 0.460055084304291 0.669558087259145 0.292167255505864 0.396933028305018 0.624251397882623
0.000000000000000 0.000000000000000 0.000000000000000 0.000000000000000 0.000000000000000 0.000000000000000 0.000000000000000 0.000000000000000 0.594781118516017 0.368547369389677 0.288228370709166 0.549089103452861 0.377072105568041 0.523957305891316
0.000000000000000 0.000000000000000 0.000000000000000 0.000000000000000 0.000000000000000 0.000000000000000 0.000000000000000 0.000000000000000 0.000000000000000 0.402965040288369 0.655819561543122 0.215359001970236 0.502635951230924 0.665557360068294
0.000000000000000 0.000000000000000 0.000000000000000 0.000000000000000 0.000000000000000 0.000000000000000 0.000000000000000 0.000000000000000 0.000000000000000 0.000000000000000 0.457505274822369 0.228521917709929 0.395838893639268 0.534128001175545
0.000000000000000 0.000000000000000 0.000000000000000 0.000000000000000 0.000000000000000 0.000000000000000 0.000000000000000 0.000000000000000 0.000000000000000 0.000000000000000 0.000000000000000 0.447463021433684 0.397884449753496 0.645301597430198
0.000000000000000 0.000000000000000 0.000000000000000 0.000000000000000 0.000000000000000 0.000000000000000 0.000000000000000 0.000000000000000 0.000000000000000 0.000000000000000 0.000000000000000 0.000000000000000 0.354157119981448 0.565377438650805
0.000000000000000 0.000000000000000 0.000000000000000 0.000000000000000 0.000000000000000 0.000000000000000 0.000000000000000 0.000000000000000 0.000000000000000 0.000000000000000 0.000000000000000 0.000000000000000 0.000000000000000 0.497617203090201
0.000000000000000 0.000000000000000 0.000000000000000 0.000000000000000 0.000000000000000 0.000000000000000 0.000000000000000 0.000000000000000 0.000000000000000 0.000000000000000 0.000000000000000 0.000000000000000 0.000000000000000 0.000000000000000
