0.000000000000000 0.603740420512744 0.416160858157167 0.324412181891887 0.618084290899006 0.455577311000063 0.579579486674898 0.512306105840151 0.435875820898458 0.509467869746188 0.067286853474434 0.516073954072485 0.573395545058780 0.517767015793092
0.000000000000000 0.000000000000000 0.410452949809973 0.616759481329830 0.147008953379536 0.457674551911266 0.625004736817987 0.608307645366479 0.448724228279513 0.430531673822800 0.514151857477206 0.255396339657682 0.311038341563057 0.292648188390942
0.000000000000000 0.000000000000000 0.000000000000000 0.457503898475236 0.332284694348717 0.449141880109796 0.580967168562611 0.520219036216041 0.273476622117007 0.077746112751078 0.357411167364099 0.356930643215278 0.318776127623022 0.278465989680919
0.000000000000000 0.000000000000000 0.000000000000000 0.000000000000000 0.536206568644058 0.474380625122565 0.622718878951172 0.379344624773772 0.485747042138102 0.443321699765215 0.291503014017586 0.572668022515707 0.572789276272886 0.544968275320199
0.000000000000000 0.000000000000000 0.000000000000000 0.000000000000000 0.000000000000000 0.434187250057746 0.642833530003164 0.555063773325306 0.433657326230076 0.325921117536779 0.507366137955090 0.448665846840872 0.367443793050669 0.272030558790653
0.000000000000000 0.000000000000000 0.000000000000000 0.000000000000000 0.000000000000000 0.000000000000000 0.622548225515142 0.582404250129174 0.259483040362597 0.456722485373417 0.425012382431218 0.263089216918692 0.329711420168590 0.396392004857130
0.000000000000000 0.000000000000000 0.000000000000000 0.000000000000000 0.000000000000000 0.000000000000000 0.000000000000000 0.589980364512901 0.589589657961992 0.645793019854305 0.640085111507111 0.654011330063090 0.630227630136466 0.679479109950529
0.000000000000000 0.000000000000000 0.000000000000000 0.000000000000000 0.000000000000000 0.000000000000000 0.000000000000000 0.000000000000000 0.545987705056480 0.570512400165863 0.507842171224013 0.646695686713303 0.599101341580682 0.572430005881246
0.000000000000000 0.000000000000000 0.000000000000000 0.000000000000000 0.000000000000000 0.000000000000000 0.000000000000000 0.000000000000000 0.000000000000000 0.502798913101355 0.359750915789660 0.273171242284112 0.426561735995169 0.338598871481805
0.000000000000000 0.000000000000000 0.000000000000000 0.000000000000000 0.000000000000000 0.000000000000000 0.000000000000000 0.000000000000000 0.000000000000000 0.000000000000000 0.407107244287817 0.440788843504146 0.254673307994505 0.361434995750476
0.000000000000000 0.000000000000000 0.000000000000000 0.000000000000000 0.000000000000000 0.000000000000000 0.000000000000000 0.000000000000000 0.000000000000000 0.000000000000000 0.000000000000000 0.493978824986573 0.542987797286279 0.553451547442818
0.000000000000000 0.000000000000000 0.000000000000000 0.000000000000000 0.000000000000000 0.000000000000000 0.000000000000000 0.000000000000000 0.000000000000000 0.000000000000000 0.000000000000000 0.000000000000000 0.301773656338619 0.138121502066321
0.000000000000000 0.000000000000000 0.000000000000000 0.000000000000000 0.000000000000000 0.000000000000000 0.000000000000000 0.000000000000000 0.000000000000000 0.000000000000000 0.000000000000000 0.000000000000000 0.000000000000000 0.390508952194011
0.000000000000000 0.000000000000000 0.000000000000000 0.000000000000000 0.000000000000000 0.000000000000000 0.000000000000000 0.000000000000000 0.000000000000000 0.000000000000000 0.000000000000000 0.000000000000000 0.000000000000000 0.000000000000000
