0.000000000000000 0.233791660159502 0.179197294892266 0.489855641424660 0.409526038319272 0.370209744404672 0.585192282126266 0.591914699306319 0.480892449844063 0.509615637492056 0.342640893660317 0.246150010033490 0.426094292378217 0.256267726474561 0.490738427690583 0.624779891732537 0.430643881553664
0.000000000000000 0.000000000000000 0.209753860500417 0.572697898492771 0.469552544081833 0.449317346145735 0.484830897369721 0.585803376786846 0.458348531111481 0.542209185302142 0.472336654703853 0.302713646052764 0.309028666792429 0.252125674707127 0.203642537980946 0.658867649393587 0.423989316791134
0.000000000000000 0.000000000000000 0.000000000000000 0.509751342327101 0.356696963648628 0.297756801404556 0.498072080498841 0.610248572886317 0.395605673166005 0.536098097728714 0.382568235246287 0.176888574095781 0.371499927110981 0.195833730293196 0.363487280235411 0.579148765035107 0.299522279957983
0.000000000000000 0.000000000000000 0.000000000000000 0.000000000000000 0.191759389975658 0.445989993280658 0.689559872847574 0.578401824571856 0.553820782669715 0.653435179973799 0.314800539267455 0.449656984147018 0.525708736671510 0.530937225935851 0.573037536494053 0.692751332920772 0.514097280271564
0.000000000000000 0.000000000000000 0.000000000000000 0.000000000000000 0.000000000000000 0.353098154124251 0.614798068083347 0.538814073997959 0.478583823025996 0.561086536071243 0.181234371072618 0.317516656504326 0.535147365066852 0.424736304243594 0.539900605473283 0.620569940558372 0.395605673166005
0.000000000000000 0.000000000000000 0.000000000000000 0.000000000000000 0.000000000000000 0.000000000000000 0.651126459177314 0.426433883390290 0.490942078921567 0.498954866764763 0.216544224076410 0.198346102320665 0.492979249080336 0.236711428627358 0.409729689550256 0.634422218348072 0.403550326656427
0.000000000000000 0.000000000000000 0.000000000000000 0.000000000000000 0.000000000000000 0.000000000000000 0.000000000000000 0.268422425117565 0.583358857176899 0.151560685708806 0.658527917413887 0.583562555397093 0.624440441688091 0.585124382719535 0.536573299597414 0.577451232877621 0.524146956338276
0.000000000000000 0.000000000000000 0.000000000000000 0.000000000000000 0.000000000000000 0.000000000000000 0.000000000000000 0.000000000000000 0.616224049603118 0.236915173836760 0.403754071865829 0.495355775305135 0.680596540299350 0.619687201281658 0.674213620152954 0.468262361375523 0.530122386065869
0.000000000000000 0.000000000000000 0.000000000000000 0.000000000000000 0.000000000000000 0.000000000000000 0.000000000000000 0.000000000000000 0.000000000000000 0.579080818639168 0.491213817516118 0.387389328070241 0.500924043538384 0.414279278725703 0.518646822457802 0.690306813310825 0.462830126901780
0.000000000000000 0.000000000000000 0.000000000000000 0.000000000000000 0.000000000000000 0.000000000000000 0.000000000000000 0.000000000000000 0.000000000000000 0.000000000000000 0.576704245425161 0.447551820603100 0.639379109985489 0.564277902166023 0.644947237251111 0.480009616588932 0.431934017270764
0.000000000000000 0.000000000000000 0.000000000000000 0.000000000000000 0.000000000000000 0.000000000000000 0.000000000000000 0.000000000000000 0.000000000000000 0.000000000000000 0.000000000000000 0.277996852326368 0.534740015615674 0.427927811306001 0.471182223821798 0.701782564875727 0.412309913995248
0.000000000000000 0.000000000000000 0.000000000000000 0.000000000000000 0.000000000000000 0.000000000000000 0.000000000000000 0.000000000000000 0.000000000000000 0.000000000000000 0.000000000000000 0.000000000000000 0.415365622244193 0.269576855999621 0.418896532361838 0.621724324451218 0.329060307475959
0.000000000000000 0.000000000000000 0.000000000000000 0.000000000000000 0.000000000000000 0.000000000000000 0.000000000000000 0.000000000000000 0.000000000000000 0.000000000000000 0.000000000000000 0.000000000000000 0.000000000000000 0.331980169922233 0.410544435441821 0.626070121428055 0.444224561716439
0.000000000000000 0.000000000000000 0.000000000000000 0.000000000000000 0.000000000000000 0.000000000000000 0.000000000000000 0.000000000000000 0.000000000000000 0.000000000000000 0.000000000000000 0.000000000000000 0.000000000000000 0.000000000000000 0.316362272611479 0.591235564271381 0.317856294505608
0.000000000000000 0.000000000000000 0.000000000000000 0.000000000000000 0.000000000000000 0.000000000000000 0.000000000000000 0.000000000000000 0.000000000000000 0.000000000000000 0.000000000000000 0.000000000000000 0.000000000000000 0.000000000000000 0.000000000000000 0.662194814301830 0.409322105153034
0.000000000000000 0.000000000000000 0.000000000000000 0.000000000000000 0.000000000000000 0.000000000000000 0.000000000000000 0.000000000000000 0.000000000000000 0.000000000000000 0.000000000000000 0.000000000000000 0.000000000000000 0.000000000000000 0.000000000000000 0.000000000000000 0.457058348405172
0.000000000000000 0.000000000000000 0.000000000000000 0.000000000000000 0.000000000000000 0.000000000000000 0.000000000000000 0.000000000000000 0.000000000000000 0.000000000000000 0.000000000000000 0.000000000000000 0.000000000000000 0.000000000000000 0.000000000000000 0.000000000000000 0.000000000000000
