0.000000000000000 0.601837767645687 0.529998547806043 0.545176425436813 0.381887887958577 0.545206238229961 0.608987633524782 0.514336942511612 0.287810778113502 0.639856935689366 0.648482180413050
0.000000000000000 0.000000000000000 0.153273907398638 0.792274072219246 0.502037268762893 0.332866330095532 0.257962890770451 0.252061411652173 0.561107388865002 0.321971287818396 0.530706319199647
0.000000000000000 0.000000000000000 0.000000000000000 0.867971940728325 0.658355825595800 0.319247523018770 0.346371660066225 0.304574461872602 0.476658224319066 0.320056617593650 0.501285574146637
0.000000000000000 0.000000000000000 0.000000000000000 0.000000000000000 0.346258160398332 0.792387558188889 0.808957122149047 0.799423946156136 0.681394283212641 0.851629368046158 0.815766522061421
0.000000000000000 0.000000000000000 0.000000000000000 0.000000000000000 0.000000000000000 0.690927449536198 0.659263737526322 0.734167167182050 0.463833848843640 0.669477855122030 0.795451797013031
0.000000000000000 0.000000000000000 0.000000000000000 0.000000000000000 0.000000000000000 0.000000000000000 0.464036043718707 0.174661199611237 0.547712430382698 0.282363255766265 0.462257901013319
0.000000000000000 0.000000000000000 0.000000000000000 0.000000000000000 0.000000000000000 0.000000000000000 0.000000000000000 0.427630527222829 0.360898370209935 0.410380041804360 0.474842388371331
0.000000000000000 0.000000000000000 0.000000000000000 0.000000000000000 0.000000000000000 0.000000000000000 0.000000000000000 0.000000000000000 0.480970849098246 0.190322821827034 0.544512412209399
0.000000000000000 0.000000000000000 0.000000000000000 0.000000000000000 0.000000000000000 0.000000000000000 0.000000000000000 0.000000000000000 0.000000000000000 0.401414323861941 0.585863606165353
0.000000000000000 0.000000000000000 0.000000000000000 0.000000000000000 0.000000000000000 0.000000000000000 0.000000000000000 0.000000000000000 0.000000000000000 0.000000000000000 0.516493232339379
0.000000000000000 0.000000000000000 0.000000000000000 0.000000000000000 0.000000000000000 0.000000000000000 0.000000000000000 0.000000000000000 0.000000000000000 0.000000000000000 0.000000000000000
