0.000000000000000 0.337478996053752 0.237779852532679 0.803347097702877 0.382675190193372 0.488592917020261 0.571668496715526 0.577502231846943 0.481257335354609 0.492056550589838 0.646380668523273 0.790229406880422 0.468632437926200 0.632127206259304
0.000000000000000 0.000000000000000 0.334090454810885 0.731403955442624 0.127389438996022 0.441449015656555 0.585785854137331 0.519244666129903 0.333583581605581 0.673817527395570 0.556598405398566 0.800643773941254 0.504498410471887 0.619765131974386
0.000000000000000 0.000000000000000 0.000000000000000 0.800460736394895 0.339741152395942 0.405151262232275 0.578060731026861 0.496707581575546 0.396051010888897 0.520558781847358 0.524641927112308 0.841400134264043 0.391216942356830 0.592262567316217
0.000000000000000 0.000000000000000 0.000000000000000 0.000000000000000 0.735407315110443 0.630310910606964 0.714939962811079 0.442514388041778 0.746779109336850 0.587175062181497 0.496707581575546 0.612668907100128 0.693097482278805 0.606257899707114
0.000000000000000 0.000000000000000 0.000000000000000 0.000000000000000 0.000000000000000 0.502794753309615 0.544226944572810 0.515288239166279 0.158031801564826 0.618009848837500 0.577896466562179 0.791182140775577 0.517803832111121 0.567599431261834
0.000000000000000 0.000000000000000 0.000000000000000 0.000000000000000 0.000000000000000 0.000000000000000 0.256290111067119 0.408159648571163 0.678778314228963 0.630869409786882 0.244111074328561 0.648384694992393 0.646948554244030 0.222883412221240
0.000000000000000 0.000000000000000 0.000000000000000 0.000000000000000 0.000000000000000 0.000000000000000 0.000000000000000 0.474348841297130 0.716263465069372 0.731150518839972 0.376719430031048 0.291578811351210 0.719652006312239 0.232194860733493
0.000000000000000 0.000000000000000 0.000000000000000 0.000000000000000 0.000000000000000 0.000000000000000 0.000000000000000 0.000000000000000 0.609660520761240 0.651599585229738 0.427261259178459 0.567270902332471 0.584471738419875 0.516536649097861
0.000000000000000 0.000000000000000 0.000000000000000 0.000000000000000 0.000000000000000 0.000000000000000 0.000000000000000 0.000000000000000 0.000000000000000 0.550755283726310 0.665665316676928 0.770456658603140 0.449103739710732 0.639547266792506
0.000000000000000 0.000000000000000 0.000000000000000 0.000000000000000 0.000000000000000 0.000000000000000 0.000000000000000 0.000000000000000 0.000000000000000 0.000000000000000 0.634961941592671 0.821998154349901 0.225389618625243 0.602245153498457
0.000000000000000 0.000000000000000 0.000000000000000 0.000000000000000 0.000000000000000 0.000000000000000 0.000000000000000 0.000000000000000 0.000000000000000 0.000000000000000 0.000000000000000 0.665088044415331 0.515156827594533 0.180704990961348
0.000000000000000 0.000000000000000 0.000000000000000 0.000000000000000 0.000000000000000 0.000000000000000 0.000000000000000 0.000000000000000 0.000000000000000 0.000000000000000 0.000000000000000 0.000000000000000 0.819848636497778 0.550619178884146
0.000000000000000 0.000000000000000 0.000000000000000 0.000000000000000 0.000000000000000 0.000000000000000 0.000000000000000 0.000000000000000 0.000000000000000 0.000000000000000 0.000000000000000 0.000000000000000 0.000000000000000 0.491929832288512
0.000000000000000 0.000000000000000 0.000000000000000 0.000000000000000 0.000000000000000 0.000000000000000 0.000000000000000 0.000000000000000 0.000000000000000 0.000000000000000 0.000000000000000 0.000000000000000 0.000000000000000 0.000000000000000
