0.015863331979710 0.326164234407178 0.228167072088878 0.827971941539340 0.357016903526675 0.511128042158095 0.512289522783605 0.666958851192503 0.414132226053089 0.414360390149336 0.633933866690964 0.713200644659131 0.426103889345616 0.575500807477402
0.000000000000000 0.000002439214200 0.361687071817861 0.737506267729279 0.139129753329924 0.428503100432521 0.540552331834342 0.445325287514166 0.384627759406095 0.623147612715247 0.488974708521408 0.798590777170145 0.428568129883087 0.501631498298370
0.000000000000000 0.000000000000000 0.003204224949259 0.767585974261007 0.346336340702234 0.488702419040287 0.560387289942705 0.504659490021695 0.382610675615728 0.411552757036820 0.515714033167246 0.804124476072337 0.321984274993722 0.577579554602740
0.000000000000000 0.000000000000000 0.000000000000000 0.004368193573253 0.726375547924268 0.600445675412887 0.708012923899036 0.497031847689700 0.624517426625560 0.482044144823427 0.699536264280523 0.681388339889156 0.691791588451223 0.615379813135333
0.000000000000000 0.000000000000000 0.000000000000000 0.000000000000000 0.000002439214200 0.547095377572404 0.617774097009554 0.495359205336484 0.208394582256171 0.513716926541175 0.551968244563591 0.780526981276528 0.445441345325791 0.514393808481614
0.000000000000000 0.000000000000000 0.000000000000000 0.000000000000000 0.000000000000000 0.002603422099711 0.275020815613947 0.413571353139991 0.705476019170553 0.643666624053796 0.248954518950113 0.642008470632927 0.670662236935605 0.224936430449835
0.000000000000000 0.000000000000000 0.000000000000000 0.000000000000000 0.000000000000000 0.000000000000000 0.000120155691481 0.546178062288292 0.721395453076859 0.651170890931565 0.381196760712682 0.495452871161756 0.587672901000726 0.249234857838094
0.000000000000000 0.000000000000000 0.000000000000000 0.000000000000000 0.000000000000000 0.000000000000000 0.000000000000000 0.000000000000000 0.582826499483606 0.674850099403068 0.401255175233887 0.601811415835487 0.600605834217245 0.406519731241275
0.000000000000000 0.000000000000000 0.000000000000000 0.000000000000000 0.000000000000000 0.000000000000000 0.000000000000000 0.000000000000000 0.000801062335350 0.467799743700254 0.754680872478508 0.727119020412362 0.350316138198456 0.688907754287106
0.000000000000000 0.000000000000000 0.000000000000000 0.000000000000000 0.000000000000000 0.000000000000000 0.000000000000000 0.000000000000000 0.000000000000000 0.002283006922427 0.642016422471218 0.781884794252978 0.289742668524586 0.597819739366112
0.000000000000000 0.000000000000000 0.000000000000000 0.000000000000000 0.000000000000000 0.000000000000000 0.000000000000000 0.000000000000000 0.000000000000000 0.000000000000000 0.000000000000000 0.617311939095122 0.594001173928496 0.195526507745225
0.000000000000000 0.000000000000000 0.000000000000000 0.000000000000000 0.000000000000000 0.000000000000000 0.000000000000000 0.000000000000000 0.000000000000000 0.000000000000000 0.000000000000000 0.000240311382962 0.790900593386068 0.573013516365743
0.000000000000000 0.000000000000000 0.000000000000000 0.000000000000000 0.000000000000000 0.000000000000000 0.000000000000000 0.000000000000000 0.000000000000000 0.000000000000000 0.000000000000000 0.000000000000000 0.002162851230946 0.592359021752778
0.000000000000000 0.000000000000000 0.000000000000000 0.000000000000000 0.000000000000000 0.000000000000000 0.000000000000000 0.000000000000000 0.000000000000000 0.000000000000000 0.000000000000000 0.000000000000000 0.000000000000000 0.000082543008521
