0.000000000000000 0.722907029032341 0.716325573903389 0.773715862478424 0.609442742977562 0.697370983208458 0.698950532418557 0.607336677364098 0.674730777689964 0.698424016015190 0.643929567745545 0.366455420391586 0.755287788186859 0.306169291598038 0.709744118861313 0.579431307725067 0.700266823513847 0.479656448244682 0.562319524441917 0.579431307725067 0.609706001179245 0.491503067494171 0.625501493453979 0.370404293503708
0.000000000000000 0.000000000000000 0.560213458741577 0.712376700878143 0.608652968372513 0.429900647605332 0.545207741158767 0.591804443291046 0.359610707060951 0.459385566541336 0.621552620428733 0.710797151668045 0.531518314497498 0.721064221620560 0.383567203674736 0.555211552909599 0.512037207399200 0.705005471144142 0.664726965939132 0.637611370818276 0.560476717030136 0.449381754790504 0.463597697768265 0.649984506471130
0.000000000000000 0.000000000000000 0.000000000000000 0.662884158440476 0.275368081740494 0.540732351643280 0.567058172072212 0.519145178931518 0.266680560998077 0.262994946087639 0.606546902759048 0.588908603072532 0.613391616089683 0.635505305204811 0.304853000589623 0.576008951016312 0.533624380110962 0.449908271193870 0.577061983823044 0.403048310773033 0.326966689791626 0.567847946677262 0.424108967168304 0.518092146124786
0.000000000000000 0.000000000000000 0.000000000000000 0.000000000000000 0.636821596213227 0.572323336192749 0.733437357186539 0.420949868661232 0.691579302771431 0.602861287848610 0.639190920115249 0.634978788801445 0.368824744206734 0.655512928706475 0.727119160346145 0.765028341736008 0.547840323175598 0.686314138650894 0.694738401191627 0.745020718234344 0.643139793140495 0.622079136832100 0.563109299046966 0.704215696539093
0.000000000000000 0.000000000000000 0.000000000000000 0.000000000000000 0.000000000000000 0.578115016716652 0.515722822222763 0.559160425934845 0.476497349824486 0.400152470554520 0.498874297141297 0.544154708352035 0.645245858753960 0.582063889741898 0.499137555342980 0.485448128768585 0.479919706446366 0.447275689090165 0.397519888537689 0.362243289164657 0.164009861299179 0.617603747316612 0.502296653850052 0.361716772761291
0.000000000000000 0.000000000000000 0.000000000000000 0.000000000000000 0.000000000000000 0.000000000000000 0.475444317017753 0.444379848871651 0.556791102119698 0.453857144219116 0.470705669300583 0.625238235252296 0.342498923777802 0.630503399372833 0.616024198106514 0.630240141171150 0.363296321971390 0.682365265625648 0.560213458741577 0.643403051342178 0.565215364660431 0.434376037120819 0.344078473074775 0.594173767106194
0.000000000000000 0.000000000000000 0.000000000000000 0.000000000000000 0.000000000000000 0.000000000000000 0.000000000000000 0.556001327514648 0.473074993115731 0.597332865613266 0.467546570880386 0.636295079809860 0.641823502132080 0.634715530599762 0.463334439566582 0.309854906508476 0.515459564021080 0.645245858753960 0.548893355982330 0.572849852596115 0.525200117570229 0.458859050137970 0.485184870566902 0.513353498407616
0.000000000000000 0.000000000000000 0.000000000000000 0.000000000000000 0.000000000000000 0.000000000000000 0.000000000000000 0.000000000000000 0.504665977665199 0.362506547366340 0.573639627201164 0.341709149172753 0.607073419162414 0.495451940519417 0.604704095347267 0.624448460647247 0.348290604301704 0.495715198721100 0.672624711989624 0.611285550389344 0.608389710170830 0.394887306433983 0.261152138675858 0.594173767106194
0.000000000000000 0.000000000000000 0.000000000000000 0.000000000000000 0.000000000000000 0.000000000000000 0.000000000000000 0.000000000000000 0.000000000000000 0.244566871796074 0.613128357888000 0.603914320742218 0.678679650715210 0.711586926273094 0.177699287873574 0.490450034600563 0.543891450150352 0.547313806772232 0.566531655668846 0.453857144219116 0.437271877339333 0.587592312064117 0.470442411098900 0.535467187609619
0.000000000000000 0.000000000000000 0.000000000000000 0.000000000000000 0.000000000000000 0.000000000000000 0.000000000000000 0.000000000000000 0.000000000000000 0.000000000000000 0.640770469325348 0.560476717030136 0.602861287848610 0.636031821608177 0.391991466215469 0.558107393128113 0.440167717644722 0.499137555342980 0.577061983823044 0.370667551705391 0.403574827176400 0.528622474278984 0.416737737434303 0.503086428455101
0.000000000000000 0.000000000000000 0.000000000000000 0.000000000000000 0.000000000000000 0.000000000000000 0.000000000000000 0.000000000000000 0.000000000000000 0.000000000000000 0.000000000000000 0.552578970892769 0.541258868046646 0.675783810496696 0.628660591874176 0.606810160960731 0.376985748545784 0.627870817269127 0.349343637108437 0.577061983823044 0.502559912051735 0.642876534938812 0.462018148558167 0.421739643353157
0.000000000000000 0.000000000000000 0.000000000000000 0.000000000000000 0.000000000000000 0.000000000000000 0.000000000000000 0.000000000000000 0.000000000000000 0.000000000000000 0.000000000000000 0.000000000000000 0.691579302771431 0.376459232142418 0.618920038325028 0.613128357888000 0.535730445811302 0.308012099009819 0.472548476712364 0.511773949197517 0.484131837760170 0.498611038939614 0.485448128768585 0.283792344281227
0.000000000000000 0.000000000000000 0.000000000000000 0.000000000000000 0.000000000000000 0.000000000000000 0.000000000000000 0.000000000000000 0.000000000000000 0.000000000000000 0.000000000000000 0.000000000000000 0.000000000000000 0.751075656873055 0.664726965939132 0.710797151668045 0.419370319451134 0.739755554113808 0.675257294093330 0.695528175796677 0.670781904577843 0.593383992501145 0.432269971507355 0.695528175796677
0.000000000000000 0.000000000000000 0.000000000000000 0.000000000000000 0.000000000000000 0.000000000000000 0.000000000000000 0.000000000000000 0.000000000000000 0.000000000000000 0.000000000000000 0.000000000000000 0.000000000000000 0.000000000000000 0.720537705217194 0.591014668685997 0.657618994406814 0.468862861888802 0.579957824128433 0.590751410484314 0.602334771445244 0.574166143604530 0.569954012377601 0.398046404941055
0.000000000000000 0.000000000000000 0.000000000000000 0.000000000000000 0.000000000000000 0.000000000000000 0.000000000000000 0.000000000000000 0.000000000000000 0.000000000000000 0.000000000000000 0.000000000000000 0.000000000000000 0.000000000000000 0.000000000000000 0.460701857549751 0.548103581377281 0.482552288550071 0.531781572699181 0.348027346100021 0.464387472373314 0.520987986343300 0.530465281690765 0.527042925068886
0.000000000000000 0.000000000000000 0.000000000000000 0.000000000000000 0.000000000000000 0.000000000000000 0.000000000000000 0.000000000000000 0.000000000000000 0.000000000000000 0.000000000000000 0.000000000000000 0.000000000000000 0.000000000000000 0.000000000000000 0.000000000000000 0.603651062453659 0.568111204878945 0.452014336807335 0.444379848871651 0.471495443905632 0.436482102734284 0.570480528780967 0.394887306433983
0.000000000000000 0.000000000000000 0.000000000000000 0.000000000000000 0.000000000000000 0.000000000000000 0.000000000000000 0.000000000000000 0.000000000000000 0.000000000000000 0.000000000000000 0.000000000000000 0.000000000000000 0.000000000000000 0.000000000000000 0.000000000000000 0.000000000000000 0.657618994406814 0.526253150463836 0.546787290368866 0.530728539892449 0.453857144219116 0.118202933771949 0.517565629721420
0.000000000000000 0.000000000000000 0.000000000000000 0.000000000000000 0.000000000000000 0.000000000000000 0.000000000000000 0.000000000000000 0.000000000000000 0.000000000000000 0.000000000000000 0.000000000000000 0.000000000000000 0.000000000000000 0.000000000000000 0.000000000000000 0.000000000000000 0.000000000000000 0.594700283509560 0.238511933070488 0.425425258176720 0.593647250702828 0.634189014196396 0.488343968987099
0.000000000000000 0.000000000000000 0.000000000000000 0.000000000000000 0.000000000000000 0.000000000000000 0.000000000000000 0.000000000000000 0.000000000000000 0.000000000000000 0.000000000000000 0.000000000000000 0.000000000000000 0.000000000000000 0.000000000000000 0.000000000000000 0.000000000000000 0.000000000000000 0.000000000000000 0.480709481051415 0.400415728756203 0.610232517582611 0.527569441472252 0.279580212967423
0.000000000000000 0.000000000000000 0.000000000000000 0.000000000000000 0.000000000000000 0.000000000000000 0.000000000000000 0.000000000000000 0.000000000000000 0.000000000000000 0.000000000000000 0.000000000000000 0.000000000000000 0.000000000000000 0.000000000000000 0.000000000000000 0.000000000000000 0.000000000000000 0.000000000000000 0.000000000000000 0.376195973940735 0.591804443291046 0.544681224755401 0.334601177727310
0.000000000000000 0.000000000000000 0.000000000000000 0.000000000000000 0.000000000000000 0.000000000000000 0.000000000000000 0.000000000000000 0.000000000000000 0.000000000000000 0.000000000000000 0.000000000000000 0.000000000000000 0.000000000000000 0.000000000000000 0.000000000000000 0.000000000000000 0.000000000000000 0.000000000000000 0.000000000000000 0.000000000000000 0.591014668685997 0.540469093441597 0.372773617318855
0.000000000000000 0.000000000000000 0.000000000000000 0.000000000000000 0.000000000000000 0.000000000000000 0.000000000000000 0.000000000000000 0.000000000000000 0.000000000000000 0.000000000000000 0.000000000000000 0.000000000000000 0.000000000000000 0.000000000000000 0.000000000000000 0.000000000000000 0.000000000000000 0.000000000000000 0.000000000000000 0.000000000000000 0.000000000000000 0.399889212352837 0.512563723802566
0.000000000000000 0.000000000000000 0.000000000000000 0.000000000000000 0.000000000000000 0.000000000000000 0.000000000000000 0.000000000000000 0.000000000000000 0.000000000000000 0.000000000000000 0.000000000000000 0.000000000000000 0.000000000000000 0.000000000000000 0.000000000000000 0.000000000000000 0.000000000000000 0.000000000000000 0.000000000000000 0.000000000000000 0.000000000000000 0.000000000000000 0.444116590669968
0.000000000000000 0.000000000000000 0.000000000000000 0.000000000000000 0.000000000000000 0.000000000000000 0.000000000000000 0.000000000000000 0.000000000000000 0.000000000000000 0.000000000000000 0.000000000000000 0.000000000000000 0.000000000000000 0.000000000000000 0.000000000000000 0.000000000000000 0.000000000000000 0.000000000000000 0.000000000000000 0.000000000000000 0.000000000000000 0.000000000000000 0.000000000000000
