0.000000000000000 0.451573732040405 0.428721455941200 0.190488785493851 0.077754806485176 0.610918633360863 0.535899721847534 0.261798293395042 0.531762310126305 0.238123570341110 0.689890325646400 0.611631980209351 0.579766356871605 0.489389507326126 0.457532276304245 0.506358770004272
0.000000000000000 0.000000000000000 0.690603672494888 0.408000828071594 0.160469471646309 0.427387077718735 0.461694864973068 0.536101137428284 0.245080800192833 0.372501331964493 0.230142477953911 0.501617111540794 0.541455434949875 0.366442079910278 0.418407299743652 0.576040168627739
0.000000000000000 0.000000000000000 0.000000000000000 0.231342579122543 0.637916713497162 0.481483945781708 0.461879495922089 0.688681832161903 0.679576169448853 0.200509210636139 0.518091227582931 0.626486379289627 0.677251497954369 0.483724694117546 0.640048361726761 0.253901124166489
0.000000000000000 0.000000000000000 0.000000000000000 0.000000000000000 0.421227117874146 0.090192218596458 0.577055638847351 0.179687874976158 0.339133484086990 0.326889095240593 0.214373316444397 0.635390626421928 0.489792338487625 0.633460393773079 0.162189896398544 0.591507206766129
0.000000000000000 0.000000000000000 0.000000000000000 0.000000000000000 0.000000000000000 0.177556226746559 0.679173338287353 0.558945021211624 0.524771511011124 0.643271011018753 0.483817009592056 0.404652294041634 0.576862615582466 0.100304959213257 0.279976049557686 0.130240349902153
0.000000000000000 0.000000000000000 0.000000000000000 0.000000000000000 0.000000000000000 0.000000000000000 0.596467065442085 0.463608312990189 0.450558261820793 0.624967370118141 0.218082720056534 0.429619433738709 0.621744720826149 0.221834085247993 0.623758876633644 0.271692833799362
0.000000000000000 0.000000000000000 0.000000000000000 0.000000000000000 0.000000000000000 0.000000000000000 0.000000000000000 0.099390196784019 0.367138642127037 0.522144716145515 0.463608312990189 0.352871705157280 0.205351576889992 0.205158553625107 0.609710139876366 0.384829643969536
0.000000000000000 0.000000000000000 0.000000000000000 0.000000000000000 0.000000000000000 0.000000000000000 0.000000000000000 0.000000000000000 0.288871904374123 0.486242388876915 0.207785348490715 0.433580606826782 0.561773231657982 0.499896686788559 0.562486578506470 0.414966450239181
0.000000000000000 0.000000000000000 0.000000000000000 0.000000000000000 0.000000000000000 0.000000000000000 0.000000000000000 0.000000000000000 0.000000000000000 0.248227918642044 0.104744494305611 0.538526516713142 0.202724782024384 0.298078274877548 0.628022173092842 0.635785065267563
0.000000000000000 0.000000000000000 0.000000000000000 0.000000000000000 0.000000000000000 0.000000000000000 0.000000000000000 0.000000000000000 0.000000000000000 0.000000000000000 0.392609320775986 0.588066357261658 0.405164225309372 0.245290608089447 0.477657049747467 0.543788498760223
0.000000000000000 0.000000000000000 0.000000000000000 0.000000000000000 0.000000000000000 0.000000000000000 0.000000000000000 0.000000000000000 0.000000000000000 0.000000000000000 0.000000000000000 0.659761911692619 0.020309404392242 0.606369998162270 0.477850073012352 0.164799906632423
0.000000000000000 0.000000000000000 0.000000000000000 0.000000000000000 0.000000000000000 0.000000000000000 0.000000000000000 0.000000000000000 0.000000000000000 0.000000000000000 0.000000000000000 0.000000000000000 0.512846030167580 0.493535311363220 0.175928117468834 0.605153112361908
0.000000000000000 0.000000000000000 0.000000000000000 0.000000000000000 0.000000000000000 0.000000000000000 0.000000000000000 0.000000000000000 0.000000000000000 0.000000000000000 0.000000000000000 0.000000000000000 0.000000000000000 0.351856234937668 0.402621353602409 0.330430652535439
0.000000000000000 0.000000000000000 0.000000000000000 0.000000000000000 0.000000000000000 0.000000000000000 0.000000000000000 0.000000000000000 0.000000000000000 0.000000000000000 0.000000000000000 0.000000000000000 0.000000000000000 0.000000000000000 0.460377271382332 0.353585052005768
0.000000000000000 0.000000000000000 0.000000000000000 0.000000000000000 0.000000000000000 0.000000000000000 0.000000000000000 0.000000000000000 0.000000000000000 0.000000000000000 0.000000000000000 0.000000000000000 0.000000000000000 0.000000000000000 0.000000000000000 0.233465835036278
0.000000000000000 0.000000000000000 0.000000000000000 0.000000000000000 0.000000000000000 0.000000000000000 0.000000000000000 0.000000000000000 0.000000000000000 0.000000000000000 0.000000000000000 0.000000000000000 0.000000000000000 0.000000000000000 0.000000000000000 0.000000000000000
