0.000000000000000 0.557391097520248 0.602678630776443 0.613237404772884 0.653740409720241 0.716021135776492 0.612495031113243 0.661659632926849 0.687891710161008 0.635180040722432 0.726332451886386 0.697295623603185 0.854193342486179 0.549389559602592 0.828538724071008 0.647388648129940 0.798016977217394 0.810060726867959 0.756524254891271 0.586097867787298
0.000000000000000 0.000000000000000 0.248710017744406 0.219343359779898 0.542955197882686 0.410639779906495 0.535448347403280 0.670321115625675 0.671723605317618 0.435222023729587 0.259021505105432 0.386799795575622 0.789025607753549 0.527611895577408 0.842149649919325 0.724270245748118 0.654317982706650 0.550296791019175 0.566052580219076 0.333098294590859
0.000000000000000 0.000000000000000 0.000000000000000 0.146173972962189 0.711071635543290 0.680219944840947 0.524559743725531 0.592944602234403 0.470610613603089 0.589232619768779 0.440088980916896 0.566547438908458 0.677250450202385 0.561680538804860 0.800326812493340 0.713298870689634 0.697708053414098 0.713793843546438 0.503359538519335 0.622723975428377
0.000000000000000 0.000000000000000 0.000000000000000 0.000000000000000 0.614392379494568 0.449245550639949 0.432912302621061 0.626270985969637 0.586097981954720 0.467970948645834 0.353473526007811 0.513341024947921 0.736478910239337 0.494120597001521 0.824414197627050 0.799336809696021 0.627013359629277 0.745140450021875 0.436624399254107 0.536190778146631
0.000000000000000 0.000000000000000 0.000000000000000 0.000000000000000 0.000000000000000 0.370054231913245 0.483561708837658 0.510288701844911 0.650440799981817 0.469703325102794 0.693996013864762 0.386634823651258 0.899893362636996 0.795460026557165 0.795212340335774 0.889582046527102 0.817320005293397 0.520847647092485 0.807586033835069 0.683437239868321
0.000000000000000 0.000000000000000 0.000000000000000 0.000000000000000 0.000000000000000 0.000000000000000 0.279561651363039 0.542047681047549 0.433242189386080 0.285830926991157 0.428540261206846 0.245410408005982 0.885952378772527 0.753719446758519 0.838932469059372 0.891314308816641 0.824001767816138 0.429777607723291 0.747615085971054 0.537593210754862
0.000000000000000 0.000000000000000 0.000000000000000 0.000000000000000 0.000000000000000 0.000000000000000 0.000000000000000 0.435386995653951 0.434809708086097 0.320724772342697 0.539160444036325 0.481829332380698 0.879765589106591 0.700842748311867 0.818062378953038 0.910782137565877 0.794469909592422 0.572157055173962 0.709916717905317 0.674280784312690
0.000000000000000 0.000000000000000 0.000000000000000 0.000000000000000 0.000000000000000 0.000000000000000 0.000000000000000 0.000000000000000 0.384490074467097 0.380613062993397 0.758008888043130 0.725672621272639 0.831838333809431 0.689624029534258 0.764443249763035 0.815422599828362 0.871433936089072 0.554833747274043 0.723115271026434 0.810638185686946
0.000000000000000 0.000000000000000 0.000000000000000 0.000000000000000 0.000000000000000 0.000000000000000 0.000000000000000 0.000000000000000 0.000000000000000 0.444956109355338 0.701667607933690 0.630725513346034 0.817402377088158 0.743985589467611 0.677662822929585 0.836292861185829 0.846274290530705 0.573229372682331 0.768485347328521 0.820454528940035
0.000000000000000 0.000000000000000 0.000000000000000 0.000000000000000 0.000000000000000 0.000000000000000 0.000000000000000 0.000000000000000 0.000000000000000 0.000000000000000 0.556813695784972 0.430107437404599 0.907152698146146 0.719320745514916 0.812370505060195 0.902615513556433 0.790757870043087 0.341017460713756 0.689706458412729 0.597069242845783
0.000000000000000 0.000000000000000 0.000000000000000 0.000000000000000 0.000000000000000 0.000000000000000 0.000000000000000 0.000000000000000 0.000000000000000 0.000000000000000 0.000000000000000 0.182717423389952 0.740850837486130 0.579828592159180 0.825156571286690 0.789933067504976 0.693913527902579 0.663722010316249 0.406927683273449 0.296472301117202
0.000000000000000 0.000000000000000 0.000000000000000 0.000000000000000 0.000000000000000 0.000000000000000 0.000000000000000 0.000000000000000 0.000000000000000 0.000000000000000 0.000000000000000 0.000000000000000 0.820537129069639 0.724435103505061 0.562918056572437 0.881992881336645 0.728724716040804 0.507401693168531 0.660999688145679 0.563082971413091
0.000000000000000 0.000000000000000 0.000000000000000 0.000000000000000 0.000000000000000 0.000000000000000 0.000000000000000 0.000000000000000 0.000000000000000 0.000000000000000 0.000000000000000 0.000000000000000 0.000000000000000 0.527859239296533 0.499152469029484 0.677992823862026 0.716681023473950 0.883065255928726 0.649285996511265 0.805688685453743
0.000000000000000 0.000000000000000 0.000000000000000 0.000000000000000 0.000000000000000 0.000000000000000 0.000000000000000 0.000000000000000 0.000000000000000 0.000000000000000 0.000000000000000 0.000000000000000 0.000000000000000 0.000000000000000 0.829281211898069 0.396946368095995 0.429777664807002 0.822764364215982 0.584200633573395 0.492965793530969
0.000000000000000 0.000000000000000 0.000000000000000 0.000000000000000 0.000000000000000 0.000000000000000 0.000000000000000 0.000000000000000 0.000000000000000 0.000000000000000 0.000000000000000 0.000000000000000 0.000000000000000 0.000000000000000 0.000000000000000 0.837777722672532 0.848006495736533 0.619671652325368 0.709916717905317 0.866319521015217
0.000000000000000 0.000000000000000 0.000000000000000 0.000000000000000 0.000000000000000 0.000000000000000 0.000000000000000 0.000000000000000 0.000000000000000 0.000000000000000 0.000000000000000 0.000000000000000 0.000000000000000 0.000000000000000 0.000000000000000 0.000000000000000 0.487603920570566 0.889417017519027 0.749182490503650 0.569682190889939
0.000000000000000 0.000000000000000 0.000000000000000 0.000000000000000 0.000000000000000 0.000000000000000 0.000000000000000 0.000000000000000 0.000000000000000 0.000000000000000 0.000000000000000 0.000000000000000 0.000000000000000 0.000000000000000 0.000000000000000 0.000000000000000 0.000000000000000 0.715031247146594 0.640542027850256 0.615382153957045
0.000000000000000 0.000000000000000 0.000000000000000 0.000000000000000 0.000000000000000 0.000000000000000 0.000000000000000 0.000000000000000 0.000000000000000 0.000000000000000 0.000000000000000 0.000000000000000 0.000000000000000 0.000000000000000 0.000000000000000 0.000000000000000 0.000000000000000 0.000000000000000 0.776816886178619 0.637902191641869
0.000000000000000 0.000000000000000 0.000000000000000 0.000000000000000 0.000000000000000 0.000000000000000 0.000000000000000 0.000000000000000 0.000000000000000 0.000000000000000 0.000000000000000 0.000000000000000 0.000000000000000 0.000000000000000 0.000000000000000 0.000000000000000 0.000000000000000 0.000000000000000 0.000000000000000 0.613897406637764
0.000000000000000 0.000000000000000 0.000000000000000 0.000000000000000 0.000000000000000 0.000000000000000 0.000000000000000 0.000000000000000 0.000000000000000 0.000000000000000 0.000000000000000 0.000000000000000 0.000000000000000 0.000000000000000 0.000000000000000 0.000000000000000 0.000000000000000 0.000000000000000 0.000000000000000 0.000000000000000
