0.000000000000000 0.589577562948785 0.562316260571419 0.746515766014932 0.543910897864843 0.492211600790256 0.457559875367803 0.563548371792722 0.479834381508855 0.431443157185090 0.657321237293134 0.573688041187713 0.485884967761377 0.682562685209347
0.000000000000000 0.000000000000000 0.135947426649293 0.570846779245690 0.222329869104619 0.573158390462343 0.655186924412516 0.605094533775912 0.609544946438654 0.548982976845072 0.632993212449909 0.644010396394134 0.433842295428393 0.631529940106941
0.000000000000000 0.000000000000000 0.000000000000000 0.526050895862778 0.312931563101019 0.559739823992082 0.658001254961723 0.554187468506644 0.533883442606584 0.511339622537378 0.543217414499847 0.640165940069738 0.397969680198310 0.628702143861326
0.000000000000000 0.000000000000000 0.000000000000000 0.000000000000000 0.704300807776826 0.542317457123266 0.732583258798442 0.587328791648701 0.693223028198767 0.667099577167851 0.486623336781065 0.664637599007978 0.570213891514528 0.448288743391109
0.000000000000000 0.000000000000000 0.000000000000000 0.000000000000000 0.000000000000000 0.683404291234828 0.735763407433392 0.590329397664881 0.664875492977847 0.633406160473078 0.718296154909884 0.682257462757439 0.448616408670363 0.674180289195561
0.000000000000000 0.000000000000000 0.000000000000000 0.000000000000000 0.000000000000000 0.000000000000000 0.573607247009266 0.524033285684359 0.639025844440554 0.355777164787550 0.544824320937831 0.587452227199105 0.504038970801676 0.468942877397769
0.000000000000000 0.000000000000000 0.000000000000000 0.000000000000000 0.000000000000000 0.000000000000000 0.000000000000000 0.588944675217624 0.459514645629653 0.489567835728880 0.569616912307122 0.213799350430348 0.465369979284262 0.635210563791709
0.000000000000000 0.000000000000000 0.000000000000000 0.000000000000000 0.000000000000000 0.000000000000000 0.000000000000000 0.000000000000000 0.589404753178220 0.483021262992008 0.331761095244437 0.577005091069473 0.399558632374417 0.599903507810748
0.000000000000000 0.000000000000000 0.000000000000000 0.000000000000000 0.000000000000000 0.000000000000000 0.000000000000000 0.000000000000000 0.000000000000000 0.399857121978121 0.595006482883818 0.252349394962827 0.455795869138395 0.623632309163831
0.000000000000000 0.000000000000000 0.000000000000000 0.000000000000000 0.000000000000000 0.000000000000000 0.000000000000000 0.000000000000000 0.000000000000000 0.000000000000000 0.451379120716674 0.275104177609086 0.468105759937758 0.616264328946090
0.000000000000000 0.000000000000000 0.000000000000000 0.000000000000000 0.000000000000000 0.000000000000000 0.000000000000000 0.000000000000000 0.000000000000000 0.000000000000000 0.000000000000000 0.469903430408184 0.399138951503044 0.578706257382312
0.000000000000000 0.000000000000000 0.000000000000000 0.000000000000000 0.000000000000000 0.000000000000000 0.000000000000000 0.000000000000000 0.000000000000000 0.000000000000000 0.000000000000000 0.000000000000000 0.442794739256771 0.599964103444583
0.000000000000000 0.000000000000000 0.000000000000000 0.000000000000000 0.000000000000000 0.000000000000000 0.000000000000000 0.000000000000000 0.000000000000000 0.000000000000000 0.000000000000000 0.000000000000000 0.000000000000000 0.531535922866177
0.000000000000000 0.000000000000000 0.000000000000000 0.000000000000000 0.000000000000000 0.000000000000000 0.000000000000000 0.000000000000000 0.000000000000000 0.000000000000000 0.000000000000000 0.000000000000000 0.000000000000000 0.000000000000000
