0.000000000000000 0.580943624501695 0.409094113729673 0.357423918840094 0.335048896303566 0.448192767305796 0.574635088507456 0.491904820245885 0.495018884264968 0.567218745221010 0.646994418669952
0.000000000000000 0.000000000000000 0.192840531514724 0.756368564614483 0.723382667856977 0.284993391600815 0.373109523353753 0.308867792882879 0.305638405139299 0.554762533364210 0.490367753849271
0.000000000000000 0.000000000000000 0.000000000000000 0.839179236737725 0.637697596672957 0.328128780061131 0.419128289077909 0.241858013785941 0.432737852004021 0.354886548780472 0.564681364515945
0.000000000000000 0.000000000000000 0.000000000000000 0.000000000000000 0.214869560767998 0.630307120528171 0.757406562479611 0.808384724126508 0.717385229849575 0.874010498154100 0.730302789012693
0.000000000000000 0.000000000000000 0.000000000000000 0.000000000000000 0.000000000000000 0.691204142806493 0.549918455433803 0.585326377235549 0.719265321252194 0.637342566227263 0.779089591079708
0.000000000000000 0.000000000000000 0.000000000000000 0.000000000000000 0.000000000000000 0.000000000000000 0.295142898862349 0.163084036421761 0.338047605480704 0.155125905936594 0.477949268130921
0.000000000000000 0.000000000000000 0.000000000000000 0.000000000000000 0.000000000000000 0.000000000000000 0.000000000000000 0.391101817722833 0.318209943996115 0.379914297856327 0.565764474306599
0.000000000000000 0.000000000000000 0.000000000000000 0.000000000000000 0.000000000000000 0.000000000000000 0.000000000000000 0.000000000000000 0.305984400879194 0.077505287011648 0.523622017643177
0.000000000000000 0.000000000000000 0.000000000000000 0.000000000000000 0.000000000000000 0.000000000000000 0.000000000000000 0.000000000000000 0.000000000000000 0.428239778002310 0.604259379646156
0.000000000000000 0.000000000000000 0.000000000000000 0.000000000000000 0.000000000000000 0.000000000000000 0.000000000000000 0.000000000000000 0.000000000000000 0.000000000000000 0.592131155832524
0.000000000000000 0.000000000000000 0.000000000000000 0.000000000000000 0.000000000000000 0.000000000000000 0.000000000000000 0.000000000000000 0.000000000000000 0.000000000000000 0.000000000000000
