0.000000000000000 0.591411290444612 0.746902323424339 0.429864579815388 0.383172117938995 0.565338233898163 0.450970918289661 0.284448636258364 0.093986950185776 0.498247699939251 0.458062435537100 0.357205301351309 0.459257635073185 0.441489001970053 0.442170708372116 0.368705776887417
0.000000000000000 0.000000000000000 0.367652230629683 0.601114540011644 0.705548419475794 0.726504251341820 0.400949604372025 0.477849627856731 0.594492249248743 0.731373582785130 0.546259307970285 0.644504709836483 0.533218353032112 0.525020169547558 0.696296689733505 0.553014398681641
0.000000000000000 0.000000000000000 0.000000000000000 0.759819331743956 0.745724830548048 0.793966625156403 0.560486609114647 0.762431064063549 0.683972854516983 0.727460410970688 0.753533467517138 0.712887829960346 0.748566749444962 0.752001841444969 0.730541369774818 0.768114901857376
0.000000000000000 0.000000000000000 0.000000000000000 0.000000000000000 0.216171756093264 0.490563009588718 0.469695711021662 0.256941340268612 0.472413683300018 0.252700595247984 0.109869824020863 0.272939307392359 0.021552546301079 0.255294620907784 0.274718826701641 0.220695807670593
0.000000000000000 0.000000000000000 0.000000000000000 0.000000000000000 0.000000000000000 0.404738829567909 0.578007348980665 0.430440046258688 0.498238846609354 0.055460799806309 0.360985673217297 0.117581074361086 0.328175232619286 0.396700006021500 0.198155229753017 0.173144572794199
0.000000000000000 0.000000000000000 0.000000000000000 0.000000000000000 0.000000000000000 0.000000000000000 0.668674300455093 0.551589012568235 0.549083520207405 0.345483492567778 0.525392009403229 0.460213794702053 0.524674889681578 0.550880746176481 0.386368170031786 0.511996921269178
0.000000000000000 0.000000000000000 0.000000000000000 0.000000000000000 0.000000000000000 0.000000000000000 0.000000000000000 0.500956818887711 0.325324460392475 0.561664101990938 0.551358825990915 0.507030203197002 0.490563009588718 0.584771293021917 0.575528416609526 0.438779883021593
0.000000000000000 0.000000000000000 0.000000000000000 0.000000000000000 0.000000000000000 0.000000000000000 0.000000000000000 0.000000000000000 0.384597504052401 0.496114047434092 0.159882284608603 0.378063746588469 0.246149131124258 0.299384203794479 0.382348758258581 0.313345905041933
0.000000000000000 0.000000000000000 0.000000000000000 0.000000000000000 0.000000000000000 0.000000000000000 0.000000000000000 0.000000000000000 0.000000000000000 0.469571764403105 0.511182414918661 0.420515463444233 0.553138345300198 0.589392731228113 0.402366137155533 0.471351283712387
0.000000000000000 0.000000000000000 0.000000000000000 0.000000000000000 0.000000000000000 0.000000000000000 0.000000000000000 0.000000000000000 0.000000000000000 0.000000000000000 0.496237994052649 0.200890908691168 0.308733320165634 0.458071288866997 0.255294620907784 0.374752601207018
0.000000000000000 0.000000000000000 0.000000000000000 0.000000000000000 0.000000000000000 0.000000000000000 0.000000000000000 0.000000000000000 0.000000000000000 0.000000000000000 0.000000000000000 0.341933307279110 0.081312523105335 0.111994623196125 0.230638097144842 0.257906353227377
0.000000000000000 0.000000000000000 0.000000000000000 0.000000000000000 0.000000000000000 0.000000000000000 0.000000000000000 0.000000000000000 0.000000000000000 0.000000000000000 0.000000000000000 0.000000000000000 0.335417256474972 0.477628294609308 0.161050924154997 0.161307670722008
0.000000000000000 0.000000000000000 0.000000000000000 0.000000000000000 0.000000000000000 0.000000000000000 0.000000000000000 0.000000000000000 0.000000000000000 0.000000000000000 0.000000000000000 0.000000000000000 0.000000000000000 0.118864807196140 0.281376530784130 0.295364792021275
0.000000000000000 0.000000000000000 0.000000000000000 0.000000000000000 0.000000000000000 0.000000000000000 0.000000000000000 0.000000000000000 0.000000000000000 0.000000000000000 0.000000000000000 0.000000000000000 0.000000000000000 0.000000000000000 0.442790441464901 0.360914846578121
0.000000000000000 0.000000000000000 0.000000000000000 0.000000000000000 0.000000000000000 0.000000000000000 0.000000000000000 0.000000000000000 0.000000000000000 0.000000000000000 0.000000000000000 0.000000000000000 0.000000000000000 0.000000000000000 0.000000000000000 0.281128637547016
0.000000000000000 0.000000000000000 0.000000000000000 0.000000000000000 0.000000000000000 0.000000000000000 0.000000000000000 0.000000000000000 0.000000000000000 0.000000000000000 0.000000000000000 0.000000000000000 0.000000000000000 0.000000000000000 0.000000000000000 0.000000000000000
