0.000000000000000 0.272409148127944 0.165184270673328 0.507144690663727 0.394123873887239 0.492654842359048 0.568002053543375 0.359348237956012 0.570900023204310 0.284001026771687 0.226041633552975 0.278205087449815 0.304286814398235 0.504246721002791 0.544818296255889 0.315878693041978 0.362246207616947 0.295592905415429
0.000000000000000 0.000000000000000 0.220245694231104 0.460777176088757 0.130408634742101 0.475267024393435 0.573797992865245 0.223143663892040 0.463675145749693 0.278205087449815 0.257919299823266 0.350654328973205 0.373838086260689 0.472369054732499 0.446287327784079 0.147796452707715 0.388327934565368 0.281103057110751
0.000000000000000 0.000000000000000 0.000000000000000 0.417307631174723 0.379634025582561 0.446287327784079 0.539022356934017 0.336164480668527 0.536124387273082 0.310082753720107 0.266613208806073 0.298490875076365 0.281103057110751 0.501348751341855 0.504246721002791 0.321674632363849 0.324572602024785 0.272409148127944
0.000000000000000 0.000000000000000 0.000000000000000 0.000000000000000 0.362246207616947 0.159388331351457 0.269511178467009 0.391225904226303 0.304286814398235 0.454981236766886 0.483960933376242 0.454981236766886 0.260817269484202 0.243429451518589 0.208653815587361 0.437593418801273 0.191265997621748 0.408613722191917
0.000000000000000 0.000000000000000 0.000000000000000 0.000000000000000 0.000000000000000 0.402817782870045 0.454981236766886 0.315878693041978 0.347756359312269 0.289796966093558 0.255021330162331 0.446287327784079 0.385429964904432 0.284001026771687 0.307184784059171 0.228939603213911 0.272409148127944 0.373838086260689
0.000000000000000 0.000000000000000 0.000000000000000 0.000000000000000 0.000000000000000 0.000000000000000 0.182572088638941 0.382531995243496 0.327470571685720 0.446287327784079 0.498450781680920 0.434695449140337 0.330368541346656 0.278205087449815 0.176776149317070 0.478164994054371 0.234735542535782 0.388327934565368
0.000000000000000 0.000000000000000 0.000000000000000 0.000000000000000 0.000000000000000 0.000000000000000 0.000000000000000 0.428899509818466 0.379634025582561 0.556410174899631 0.562206114221502 0.466573115410628 0.437593418801273 0.365144177277883 0.240531481857653 0.530328447951211 0.344858389651334 0.463675145749693
0.000000000000000 0.000000000000000 0.000000000000000 0.000000000000000 0.000000000000000 0.000000000000000 0.000000000000000 0.000000000000000 0.350654328973205 0.281103057110751 0.257919299823266 0.347756359312269 0.405715752530981 0.414409661513788 0.336164480668527 0.147796452707715 0.278205087449815 0.234735542535782
0.000000000000000 0.000000000000000 0.000000000000000 0.000000000000000 0.000000000000000 0.000000000000000 0.000000000000000 0.000000000000000 0.000000000000000 0.431797479479401 0.495552812019984 0.568002053543375 0.483960933376242 0.295592905415429 0.266613208806073 0.486858903037177 0.333266511007592 0.536124387273082
0.000000000000000 0.000000000000000 0.000000000000000 0.000000000000000 0.000000000000000 0.000000000000000 0.000000000000000 0.000000000000000 0.000000000000000 0.000000000000000 0.142000513385843 0.292694935754494 0.417307631174723 0.260817269484202 0.498450781680920 0.249225390840460 0.385429964904432 0.272409148127944
0.000000000000000 0.000000000000000 0.000000000000000 0.000000000000000 0.000000000000000 0.000000000000000 0.000000000000000 0.000000000000000 0.000000000000000 0.000000000000000 0.000000000000000 0.295592905415429 0.454981236766886 0.356450268295076 0.527430478290275 0.281103057110751 0.431797479479401 0.304286814398235
0.000000000000000 0.000000000000000 0.000000000000000 0.000000000000000 0.000000000000000 0.000000000000000 0.000000000000000 0.000000000000000 0.000000000000000 0.000000000000000 0.000000000000000 0.000000000000000 0.472369054732500 0.515838599646533 0.478164994054371 0.324572602024785 0.408613722191917 0.234735542535782
0.000000000000000 0.000000000000000 0.000000000000000 0.000000000000000 0.000000000000000 0.000000000000000 0.000000000000000 0.000000000000000 0.000000000000000 0.000000000000000 0.000000000000000 0.000000000000000 0.000000000000000 0.385429964904432 0.423103570496594 0.443389358123144 0.295592905415429 0.446287327784079
0.000000000000000 0.000000000000000 0.000000000000000 0.000000000000000 0.000000000000000 0.000000000000000 0.000000000000000 0.000000000000000 0.000000000000000 0.000000000000000 0.000000000000000 0.000000000000000 0.000000000000000 0.000000000000000 0.341960419990399 0.463675145749693 0.356450268295076 0.510042660324662
0.000000000000000 0.000000000000000 0.000000000000000 0.000000000000000 0.000000000000000 0.000000000000000 0.000000000000000 0.000000000000000 0.000000000000000 0.000000000000000 0.000000000000000 0.000000000000000 0.000000000000000 0.000000000000000 0.000000000000000 0.405715752530981 0.231837572874846 0.310082753720107
0.000000000000000 0.000000000000000 0.000000000000000 0.000000000000000 0.000000000000000 0.000000000000000 0.000000000000000 0.000000000000000 0.000000000000000 0.000000000000000 0.000000000000000 0.000000000000000 0.000000000000000 0.000000000000000 0.000000000000000 0.000000000000000 0.362246207616948 0.191265997621748
0.000000000000000 0.000000000000000 0.000000000000000 0.000000000000000 0.000000000000000 0.000000000000000 0.000000000000000 0.000000000000000 0.000000000000000 0.000000000000000 0.000000000000000 0.000000000000000 0.000000000000000 0.000000000000000 0.000000000000000 0.000000000000000 0.000000000000000 0.318776662702914
0.000000000000000 0.000000000000000 0.000000000000000 0.000000000000000 0.000000000000000 0.000000000000000 0.000000000000000 0.000000000000000 0.000000000000000 0.000000000000000 0.000000000000000 0.000000000000000 0.000000000000000 0.000000000000000 0.000000000000000 0.000000000000000 0.000000000000000 0.000000000000000
