0.000000000000000 0.501663766640735 0.637287552174361 0.573197038532555 0.667678993861946 0.627674114618109 0.497838950301135 0.501973935217826 0.562963263822121 0.724430258001673 0.692901722287002 0.450701481384375 0.679980225264054 0.641525974305646 0.454732886019787 0.733940329876675 0.423721393311393 0.746345070026720
0.000000000000000 0.000000000000000 0.679773493901555 0.657341781936919 0.616613414457680 0.604105380159730 0.421757302300968 0.379271503640461 0.432714779846835 0.636460698257710 0.484090599361535 0.390228838119641 0.614752474528475 0.440054172415601 0.445843008232282 0.654550837009843 0.494737765263624 0.679980296797397
0.000000000000000 0.000000000000000 0.000000000000000 0.617440339907675 0.671503881734889 0.678429883112000 0.710681692462044 0.481609608411520 0.565961083178382 0.746758604285060 0.461245353138558 0.542702445763751 0.731356044778754 0.394156948607147 0.561722732580442 0.547871015959593 0.635013435653532 0.611754798238900
0.000000000000000 0.000000000000000 0.000000000000000 0.000000000000000 0.751513568689218 0.692281528199506 0.574127401197142 0.522338262024132 0.442431726151023 0.639355080399378 0.430337297644757 0.618267265357671 0.521201096463703 0.614752546061818 0.494841202478217 0.587875966736772 0.437676475613492 0.498976187394908
0.000000000000000 0.000000000000000 0.000000000000000 0.000000000000000 0.000000000000000 0.544149565301242 0.669126184932780 0.532882062244971 0.471272324953150 0.583224224947177 0.571233019055474 0.541151817478324 0.678429596978627 0.567201614420062 0.384646733665458 0.721329072964162 0.508279599440755 0.648658492445225
0.000000000000000 0.000000000000000 0.000000000000000 0.000000000000000 0.000000000000000 0.000000000000000 0.532468527986630 0.651242849076489 0.598936666897201 0.722983138464182 0.582293862282590 0.528953880224122 0.648451904149413 0.653103717472352 0.395397551382169 0.621781770053493 0.417002266363467 0.639871980338969
0.000000000000000 0.000000000000000 0.000000000000000 0.000000000000000 0.000000000000000 0.000000000000000 0.000000000000000 0.555623871253355 0.666438534153610 0.642456265436889 0.630568353693092 0.508486402336596 0.606482933895152 0.565961083178382 0.620334650516001 0.458971093551041 0.433024805357240 0.536086612963732
0.000000000000000 0.000000000000000 0.000000000000000 0.000000000000000 0.000000000000000 0.000000000000000 0.000000000000000 0.000000000000000 0.582190496601340 0.529677511526211 0.668816087889032 0.546837216080413 0.731459410460003 0.449977778548943 0.488328735359446 0.467034117421896 0.396637939557162 0.463726344088573
0.000000000000000 0.000000000000000 0.000000000000000 0.000000000000000 0.000000000000000 0.000000000000000 0.000000000000000 0.000000000000000 0.000000000000000 0.685769061080735 0.414107884221799 0.390125472438391 0.606276059465967 0.385267070819641 0.633462878901448 0.611341263980559 0.570509459286728 0.345365414190368
0.000000000000000 0.000000000000000 0.000000000000000 0.000000000000000 0.000000000000000 0.000000000000000 0.000000000000000 0.000000000000000 0.000000000000000 0.000000000000000 0.322623676715326 0.490706432161555 0.510657153176177 0.415141541034292 0.682771313257817 0.570923065078412 0.664887905868183 0.627364089107705
0.000000000000000 0.000000000000000 0.000000000000000 0.000000000000000 0.000000000000000 0.000000000000000 0.000000000000000 0.000000000000000 0.000000000000000 0.000000000000000 0.000000000000000 0.593871390849266 0.569475730940891 0.468067917301076 0.593974828063859 0.653723911559848 0.629844722391003 0.671193641624455
0.000000000000000 0.000000000000000 0.000000000000000 0.000000000000000 0.000000000000000 0.000000000000000 0.000000000000000 0.000000000000000 0.000000000000000 0.000000000000000 0.000000000000000 0.000000000000000 0.665818268532770 0.467757820257328 0.589633183318012 0.605242331120129 0.557794550559592 0.660236164078588
0.000000000000000 0.000000000000000 0.000000000000000 0.000000000000000 0.000000000000000 0.000000000000000 0.000000000000000 0.000000000000000 0.000000000000000 0.000000000000000 0.000000000000000 0.000000000000000 0.000000000000000 0.631705662320209 0.673364463997377 0.466827457592740 0.611031095403467 0.509416765001184
0.000000000000000 0.000000000000000 0.000000000000000 0.000000000000000 0.000000000000000 0.000000000000000 0.000000000000000 0.000000000000000 0.000000000000000 0.000000000000000 0.000000000000000 0.000000000000000 0.000000000000000 0.000000000000000 0.719468276101643 0.358493714109157 0.624883098157690 0.580536502634663
0.000000000000000 0.000000000000000 0.000000000000000 0.000000000000000 0.000000000000000 0.000000000000000 0.000000000000000 0.000000000000000 0.000000000000000 0.000000000000000 0.000000000000000 0.000000000000000 0.000000000000000 0.000000000000000 0.000000000000000 0.525129206951209 0.661993666793201 0.431267517242657
0.000000000000000 0.000000000000000 0.000000000000000 0.000000000000000 0.000000000000000 0.000000000000000 0.000000000000000 0.000000000000000 0.000000000000000 0.000000000000000 0.000000000000000 0.000000000000000 0.000000000000000 0.000000000000000 0.000000000000000 0.000000000000000 0.671607032816108 0.547767721811687
0.000000000000000 0.000000000000000 0.000000000000000 0.000000000000000 0.000000000000000 0.000000000000000 0.000000000000000 0.000000000000000 0.000000000000000 0.000000000000000 0.000000000000000 0.000000000000000 0.000000000000000 0.000000000000000 0.000000000000000 0.000000000000000 0.000000000000000 0.398085130627996
0.000000000000000 0.000000000000000 0.000000000000000 0.000000000000000 0.000000000000000 0.000000000000000 0.000000000000000 0.000000000000000 0.000000000000000 0.000000000000000 0.000000000000000 0.000000000000000 0.000000000000000 0.000000000000000 0.000000000000000 0.000000000000000 0.000000000000000 0.000000000000000
