0.000000000000000 0.627403521548907 0.526035130235884 0.419664881541994 0.127993265226682 0.578806664308442 0.500483006096417 0.369219792762862 0.439271645487149 0.248541905514400 0.938681901809375 0.489109273550776 0.749787468679217 0.383372334964541 0.648263981013298 0.167995199577543
0.000000000000000 0.000000000000000 0.829519918763372 0.486149518149693 0.409842112525304 0.532562101753552 0.642809759269820 0.694831660970053 0.519185041316350 0.273757987555927 0.148091167622672 0.716299581149949 0.556705434020890 0.426191853059663 0.685797298413913 0.717411105012363
0.000000000000000 0.000000000000000 0.000000000000000 0.343654743927319 0.924658606568442 0.516961993591520 0.633788321409756 0.874691731544071 0.944446316258642 0.272349195683797 0.614013536415630 0.550941019571622 0.876397791425917 0.804290912025769 0.641413892093764 0.284963699052599
0.000000000000000 0.000000000000000 0.000000000000000 0.000000000000000 0.268911226527956 0.108683769291242 0.533182487165134 0.438509088418749 0.232799625695546 0.278721070848571 0.543315448887613 0.834961215810776 0.789026845961677 0.520878176502122 0.328584548304346 0.358143328226937
0.000000000000000 0.000000000000000 0.000000000000000 0.000000000000000 0.000000000000000 0.540652961496247 0.962799384684563 0.516212361219194 0.551096115924518 0.873270014975865 0.299452283352216 0.215984596102503 0.468403910439280 0.038463895517985 0.258028632433149 0.105736938586235
0.000000000000000 0.000000000000000 0.000000000000000 0.000000000000000 0.000000000000000 0.000000000000000 0.585359485218260 0.651391757463349 0.603273113977644 0.754595455618964 0.596410100362036 0.546275204288694 0.518861923914486 0.432434481263691 0.998936834909122 0.289939707041317
0.000000000000000 0.000000000000000 0.000000000000000 0.000000000000000 0.000000000000000 0.000000000000000 0.000000000000000 0.142947138584985 0.437281242291662 0.413137910024325 0.347389981092877 0.627545693205728 0.190135203953320 0.352546934826639 0.583330307934549 0.281086290230221
0.000000000000000 0.000000000000000 0.000000000000000 0.000000000000000 0.000000000000000 0.000000000000000 0.000000000000000 0.000000000000000 0.344145882378155 0.752889395737118 0.499552427979046 0.567924070213635 0.403315141007635 0.256335497247378 0.753057416786088 0.452506534267531
0.000000000000000 0.000000000000000 0.000000000000000 0.000000000000000 0.000000000000000 0.000000000000000 0.000000000000000 0.000000000000000 0.000000000000000 0.327317928089036 0.300214840420617 0.461398725166851 0.310657994848888 0.264271260637177 0.843375192955335 0.726742735578220
0.000000000000000 0.000000000000000 0.000000000000000 0.000000000000000 0.000000000000000 0.000000000000000 0.000000000000000 0.000000000000000 0.000000000000000 0.000000000000000 0.467008043263224 0.939457383573850 0.531941716341972 0.303988851674397 0.396762320097817 0.520891101198196
0.000000000000000 0.000000000000000 0.000000000000000 0.000000000000000 0.000000000000000 0.000000000000000 0.000000000000000 0.000000000000000 0.000000000000000 0.000000000000000 0.000000000000000 0.933227680065897 0.022411422993342 0.927308169263734 0.735764173438284 0.105271649527550
0.000000000000000 0.000000000000000 0.000000000000000 0.000000000000000 0.000000000000000 0.000000000000000 0.000000000000000 0.000000000000000 0.000000000000000 0.000000000000000 0.000000000000000 0.000000000000000 0.397227609156503 0.836680200388697 0.107287902115186 0.701513728840616
0.000000000000000 0.000000000000000 0.000000000000000 0.000000000000000 0.000000000000000 0.000000000000000 0.000000000000000 0.000000000000000 0.000000000000000 0.000000000000000 0.000000000000000 0.000000000000000 0.000000000000000 0.287910529757606 0.314393232014444 0.470898376781675
0.000000000000000 0.000000000000000 0.000000000000000 0.000000000000000 0.000000000000000 0.000000000000000 0.000000000000000 0.000000000000000 0.000000000000000 0.000000000000000 0.000000000000000 0.000000000000000 0.000000000000000 0.000000000000000 0.611363973720339 0.499074214224285
0.000000000000000 0.000000000000000 0.000000000000000 0.000000000000000 0.000000000000000 0.000000000000000 0.000000000000000 0.000000000000000 0.000000000000000 0.000000000000000 0.000000000000000 0.000000000000000 0.000000000000000 0.000000000000000 0.000000000000000 0.285428988111284
0.000000000000000 0.000000000000000 0.000000000000000 0.000000000000000 0.000000000000000 0.000000000000000 0.000000000000000 0.000000000000000 0.000000000000000 0.000000000000000 0.000000000000000 0.000000000000000 0.000000000000000 0.000000000000000 0.000000000000000 0.000000000000000
