0.000000000000000 0.540574637535515 0.642910327241239 0.342969627393537 0.275587075561875 0.497798073601407 0.700702845017055 0.739820063116507 0.635970161279484 0.725308829330966 0.757107336051074
0.000000000000000 0.000000000000000 0.222337181637215 0.741965180693477 0.778558703545598 0.395880088813175 0.395416207342773 0.406245430944609 0.390793582718217 0.556978637829048 0.582905087028380
0.000000000000000 0.000000000000000 0.000000000000000 0.841690437153728 0.745372195169183 0.152557128906830 0.470037472468109 0.283915244971758 0.385998556731191 0.323537205525135 0.541029092528587
0.000000000000000 0.000000000000000 0.000000000000000 0.000000000000000 0.052114221835485 0.844553230427283 0.911389619546595 0.878370690836708 0.827896859354745 0.896541266873265 0.889474942399316
0.000000000000000 0.000000000000000 0.000000000000000 0.000000000000000 0.000000000000000 0.806193144374883 0.841272421051110 0.791429534434873 0.754625030617663 0.734772686956411 0.887960724892554
0.000000000000000 0.000000000000000 0.000000000000000 0.000000000000000 0.000000000000000 0.000000000000000 0.465116276322054 0.154197523739903 0.267096897733708 0.215523227046363 0.355335714932975
0.000000000000000 0.000000000000000 0.000000000000000 0.000000000000000 0.000000000000000 0.000000000000000 0.000000000000000 0.407576123949784 0.293757643535238 0.459690333242523 0.507388110344983
0.000000000000000 0.000000000000000 0.000000000000000 0.000000000000000 0.000000000000000 0.000000000000000 0.000000000000000 0.000000000000000 0.322780099459485 0.131231939634527 0.247321731078740
0.000000000000000 0.000000000000000 0.000000000000000 0.000000000000000 0.000000000000000 0.000000000000000 0.000000000000000 0.000000000000000 0.000000000000000 0.290819929827949 0.572499335020590
0.000000000000000 0.000000000000000 0.000000000000000 0.000000000000000 0.000000000000000 0.000000000000000 0.000000000000000 0.000000000000000 0.000000000000000 0.000000000000000 0.414263903902056
0.000000000000000 0.000000000000000 0.000000000000000 0.000000000000000 0.000000000000000 0.000000000000000 0.000000000000000 0.000000000000000 0.000000000000000 0.000000000000000 0.000000000000000
