0.000000000000000 0.313918999139715 0.447720539713943 0.432281900416916 0.135516944973957 0.299338061992463 0.452866752812951 0.339650064634758 0.445147433164438 0.500898075103760 0.451151348463312 0.384250578176198 0.444289731014663 0.356804108281424 0.456297561562320
0.000000000000000 0.009434723998153 0.309630488190481 0.235868100454718 0.447720539713943 0.141520860272831 0.319065212238723 0.432281900416916 0.336219255885389 0.393685302174350 0.392827599974486 0.327642234037011 0.337076958085254 0.493178755455247 0.343938575533902
0.000000000000000 0.000000000000000 0.000000000000000 0.318207510038859 0.350800193032641 0.284757124895302 0.138090051523462 0.294191848893454 0.216140950208458 0.182690565064901 0.218714056757962 0.278753209596428 0.191267586913279 0.368811938879171 0.362808023580298
0.000000000000000 0.000000000000000 0.000000000000000 0.000857702199865 0.474309307408851 0.230721887355710 0.289903337994310 0.436570411366150 0.272749294297555 0.298480359842688 0.340507766784533 0.329357638436741 0.325069127487507 0.476024711808581 0.175828947616253
0.000000000000000 0.000000000000000 0.000000000000000 0.000000000000000 0.000000000000000 0.440001220065429 0.403977728372368 0.169825032317379 0.389396791275206 0.409123941471377 0.303626572941697 0.413412452420611 0.404835430572233 0.243587420103231 0.497467266354391
0.000000000000000 0.000000000000000 0.000000000000000 0.000000000000000 0.000000000000000 0.000000000000000 0.313061296939850 0.430566496067277 0.260741463749897 0.371385045428676 0.335361553685525 0.249591335352015 0.239298909153998 0.485459435806733 0.332788447136020
0.000000000000000 0.000000000000000 0.000000000000000 0.000000000000000 0.000000000000000 0.000000000000000 0.000000000000000 0.340507766784533 0.206706226210305 0.158674903919497 0.235868100454718 0.277037805246788 0.271033889947915 0.448578241913807 0.226433376406476
0.000000000000000 0.000000000000000 0.000000000000000 0.000000000000000 0.000000000000000 0.000000000000000 0.000000000000000 0.000000000000000 0.350800193032641 0.302768870741832 0.334503851535750 0.427993389517772 0.373100449778315 0.241872015703502 0.485459435806733
0.000000000000000 0.000000000000000 0.000000000000000 0.000000000000000 0.000000000000000 0.000000000000000 0.000000000000000 0.000000000000000 0.000000000000000 0.199844608711567 0.195556097812423 0.198129204361927 0.264172272499267 0.437428113515925 0.320780616588363
0.000000000000000 0.000000000000000 0.000000000000000 0.000000000000000 0.000000000000000 0.000000000000000 0.000000000000000 0.000000000000000 0.000000000000000 0.000000000000000 0.174971245416388 0.323353723137867 0.301911168541968 0.358519512681154 0.211852439309314
0.000000000000000 0.000000000000000 0.000000000000000 0.000000000000000 0.000000000000000 0.000000000000000 0.000000000000000 0.000000000000000 0.000000000000000 0.000000000000000 0.015438639297026 0.236725802604493 0.273606996497419 0.346511682083407 0.399689217473224
0.000000000000000 0.000000000000000 0.000000000000000 0.000000000000000 0.000000000000000 0.000000000000000 0.000000000000000 0.000000000000000 0.000000000000000 0.000000000000000 0.000000000000000 0.010292426198018 0.253879846301249 0.452866752812951 0.334503851535750
0.000000000000000 0.000000000000000 0.000000000000000 0.000000000000000 0.000000000000000 0.000000000000000 0.000000000000000 0.000000000000000 0.000000000000000 0.000000000000000 0.000000000000000 0.000000000000000 0.000000000000000 0.431424198267141 0.438285815715790
0.000000000000000 0.000000000000000 0.000000000000000 0.000000000000000 0.000000000000000 0.000000000000000 0.000000000000000 0.000000000000000 0.000000000000000 0.000000000000000 0.000000000000000 0.000000000000000 0.000000000000000 0.000000000000000 0.488032542356238
0.000000000000000 0.000000000000000 0.000000000000000 0.000000000000000 0.000000000000000 0.000000000000000 0.000000000000000 0.000000000000000 0.000000000000000 0.000000000000000 0.000000000000000 0.000000000000000 0.000000000000000 0.000000000000000 0.000000000000000
