0.000000000000000 0.745849100080445 0.658423416772887 0.314898095672707 0.567412405051061 0.443306520682594 0.652300877341749 0.428082766100374 0.480593415144575 0.355494571024877 0.461067486281684 0.717277154419387 0.725881869341479 0.614131379127618 0.499236862375565 0.715070807866010
0.000000000000000 0.000000000000000 0.262553041687253 0.499181664022650 0.646619639786687 0.708893151495458 0.538454315160094 0.636911771941282 0.520913980145666 0.480758806669572 0.636856532881616 0.452186861008514 0.682141367451117 0.267296517843999 0.406846787379348 0.635588029140057
0.000000000000000 0.000000000000000 0.000000000000000 0.667358996158472 0.640883000344959 0.483351175332607 0.319586617717037 0.788541606693659 0.297026896194786 0.624445940374095 0.649542954326716 0.423449483115709 0.399069518563241 0.307120826856600 0.426538311300986 0.478442226237364
0.000000000000000 0.000000000000000 0.000000000000000 0.000000000000000 0.571052768991244 0.303370147624086 0.572762696729129 0.188861612274942 0.587269320497696 0.554395078435716 0.518321489362380 0.408722228762480 0.676184300958477 0.329018656624864 0.005571003676231 0.538564508332175
0.000000000000000 0.000000000000000 0.000000000000000 0.000000000000000 0.000000000000000 0.355660125376873 0.213958707641064 0.525436947838000 0.483130626161444 0.779881693418652 0.555884334882189 0.614462284297862 0.533821032175429 0.625107791421333 0.748055528047320 0.469175619561285
0.000000000000000 0.000000000000000 0.000000000000000 0.000000000000000 0.000000000000000 0.000000000000000 0.452021428776767 0.337071632258299 0.609718767434366 0.585449158880979 0.514019192961460 0.489308363945498 0.433433017071693 0.291511050164720 0.595873994713037 0.615730950866422
0.000000000000000 0.000000000000000 0.000000000000000 0.000000000000000 0.000000000000000 0.000000000000000 0.000000000000000 0.237897370317456 0.450256424806216 0.440934660483971 0.456047936946860 0.467465691823399 0.251742020918535 0.563771959697378 0.496258268069120 0.709775755247608
0.000000000000000 0.000000000000000 0.000000000000000 0.000000000000000 0.000000000000000 0.000000000000000 0.000000000000000 0.000000000000000 0.254941042275893 0.471437123760827 0.620253837145255 0.542315431805189 0.211090347213450 0.546562611266695 0.517439007730480 0.652521426512912
0.000000000000000 0.000000000000000 0.000000000000000 0.000000000000000 0.000000000000000 0.000000000000000 0.000000000000000 0.000000000000000 0.000000000000000 0.404916351177050 0.581146781066558 0.572707539082964 0.610380618481603 0.282851177596463 0.756825675201160 0.571218282636491
0.000000000000000 0.000000000000000 0.000000000000000 0.000000000000000 0.000000000000000 0.000000000000000 0.000000000000000 0.000000000000000 0.000000000000000 0.000000000000000 0.438673115577680 0.640938280111374 0.517714836668059 0.475077528407760 0.634925974559069 0.353012436240672
0.000000000000000 0.000000000000000 0.000000000000000 0.000000000000000 0.000000000000000 0.000000000000000 0.000000000000000 0.000000000000000 0.000000000000000 0.000000000000000 0.000000000000000 0.403978711898984 0.680927939942223 0.550258214266543 0.561896518314245 0.459633224654378
0.000000000000000 0.000000000000000 0.000000000000000 0.000000000000000 0.000000000000000 0.000000000000000 0.000000000000000 0.000000000000000 0.000000000000000 0.000000000000000 0.000000000000000 0.000000000000000 0.682362038742529 0.395649663087471 0.584401041483581 0.522458434945054
0.000000000000000 0.000000000000000 0.000000000000000 0.000000000000000 0.000000000000000 0.000000000000000 0.000000000000000 0.000000000000000 0.000000000000000 0.000000000000000 0.000000000000000 0.000000000000000 0.000000000000000 0.116273580026444 0.521686309312235 0.586772942388955
0.000000000000000 0.000000000000000 0.000000000000000 0.000000000000000 0.000000000000000 0.000000000000000 0.000000000000000 0.000000000000000 0.000000000000000 0.000000000000000 0.000000000000000 0.000000000000000 0.000000000000000 0.000000000000000 0.421298334915249 0.374413887900195
0.000000000000000 0.000000000000000 0.000000000000000 0.000000000000000 0.000000000000000 0.000000000000000 0.000000000000000 0.000000000000000 0.000000000000000 0.000000000000000 0.000000000000000 0.000000000000000 0.000000000000000 0.000000000000000 0.000000000000000 0.271323107427591
0.000000000000000 0.000000000000000 0.000000000000000 0.000000000000000 0.000000000000000 0.000000000000000 0.000000000000000 0.000000000000000 0.000000000000000 0.000000000000000 0.000000000000000 0.000000000000000 0.000000000000000 0.000000000000000 0.000000000000000 0.000000000000000
