0.000000000000000 0.768129241979393 0.718671232374838 0.807185862827683 0.557312866930431 0.741572916679209 0.730731443003488 0.736528946954319 0.808003761435422 0.790909523547363 0.609501391528708 0.309327055639036 0.866389058466747 0.241989248715878 0.797907449383131 0.560853431217039 0.731034426556835 0.494639750838441 0.491498455034050 0.553556184841523 0.634768336042282 0.508183481974411 0.688626671553737 0.355116609453636
0.000000000000000 0.000000000000000 0.517867966640720 0.639514555090395 0.646567426130137 0.388960395650152 0.498519876485613 0.472792491162729 0.280375904377034 0.463773105108345 0.714709944812080 0.670037348501140 0.576955882008969 0.711621501061037 0.378897992638028 0.554362047833154 0.569855025491089 0.748534735666651 0.704656019059998 0.661457053119662 0.593741013878095 0.365878020117852 0.425856204776791 0.712545103775471
0.000000000000000 0.000000000000000 0.000000000000000 0.687397468847671 0.277846750473689 0.572722118563262 0.590682397523496 0.493516252239069 0.275668094642938 0.343759174148208 0.630663667661533 0.598029879514074 0.586902690777683 0.607128805292308 0.279427602485194 0.565869666696113 0.528892067708701 0.402071577208926 0.539087281128147 0.365860751625174 0.294724504258087 0.549894741106170 0.417502963909644 0.495978843952456
0.000000000000000 0.000000000000000 0.000000000000000 0.000000000000000 0.723186158278599 0.527030733513096 0.854193839622617 0.434605051112557 0.743371456355986 0.634150333319479 0.625258629453379 0.642737483769262 0.417124626933703 0.690598419444948 0.767553102269143 0.865221603704196 0.506046322854852 0.724404895231527 0.679552863583034 0.811897021602783 0.706550320377988 0.689583764678213 0.475683132179463 0.734523708653066
0.000000000000000 0.000000000000000 0.000000000000000 0.000000000000000 0.000000000000000 0.541572897498438 0.489532463307065 0.580407121092543 0.460279636710858 0.453828023188898 0.539244790712875 0.444941552199367 0.718460347449106 0.481681578590545 0.444143015234932 0.489078249620873 0.484869446996400 0.438485752376151 0.312811366502526 0.326312711338287 0.111239563885344 0.654472209475318 0.432985423485675 0.305688427245525
0.000000000000000 0.000000000000000 0.000000000000000 0.000000000000000 0.000000000000000 0.000000000000000 0.601249145179343 0.370095195344836 0.593548444020355 0.430032040278879 0.487526126101732 0.634743741522408 0.373711636341694 0.621526541884345 0.633958810037053 0.649999669871765 0.315156270821875 0.732337936110181 0.484338310024643 0.648671565798545 0.589787575630191 0.490794109847859 0.195855005321675 0.574765033575812
0.000000000000000 0.000000000000000 0.000000000000000 0.000000000000000 0.000000000000000 0.000000000000000 0.000000000000000 0.555065869731688 0.512252566794491 0.586097351073709 0.558070064169970 0.691265611207500 0.750224431510791 0.617505076241043 0.467610373496416 0.291720937764994 0.565698028344649 0.577298792410538 0.570111959730628 0.604768777959675 0.543733552233791 0.397985904170123 0.494901917954549 0.546334291888601
0.000000000000000 0.000000000000000 0.000000000000000 0.000000000000000 0.000000000000000 0.000000000000000 0.000000000000000 0.000000000000000 0.525082010278788 0.318153662520617 0.595790731630185 0.433378988132432 0.565830420121846 0.434130429207745 0.532785851163718 0.679678452620691 0.284124737151089 0.490332936435830 0.689742844125912 0.549630480839434 0.545589130265170 0.378075855400267 0.153927628387615 0.578564101964930
0.000000000000000 0.000000000000000 0.000000000000000 0.000000000000000 0.000000000000000 0.000000000000000 0.000000000000000 0.000000000000000 0.000000000000000 0.250352327390975 0.684267162084076 0.697075674062097 0.701894630094519 0.763548381830862 0.156495871878930 0.494854822065428 0.541827738587350 0.537862264723337 0.615034635212803 0.421487799416962 0.397254871313429 0.555476650542358 0.420467388486001 0.537795283903253
0.000000000000000 0.000000000000000 0.000000000000000 0.000000000000000 0.000000000000000 0.000000000000000 0.000000000000000 0.000000000000000 0.000000000000000 0.000000000000000 0.587980611022138 0.556351064217043 0.662999181844556 0.667232578988904 0.316878253514447 0.542121826250529 0.438283240052930 0.487517805827987 0.604878145079967 0.366345839283124 0.499873150695130 0.552083653374997 0.386710625026828 0.497819246641785
0.000000000000000 0.000000000000000 0.000000000000000 0.000000000000000 0.000000000000000 0.000000000000000 0.000000000000000 0.000000000000000 0.000000000000000 0.000000000000000 0.000000000000000 0.450743765739110 0.513960002090201 0.587348531861365 0.634110040169898 0.646370669971141 0.355033720688783 0.598514967172024 0.225563301494450 0.550790609574789 0.576891151325810 0.662667940757737 0.425969758198339 0.395976479567614
0.000000000000000 0.000000000000000 0.000000000000000 0.000000000000000 0.000000000000000 0.000000000000000 0.000000000000000 0.000000000000000 0.000000000000000 0.000000000000000 0.000000000000000 0.000000000000000 0.747184130224183 0.340990616141830 0.670649124100825 0.594925737133324 0.478858441681552 0.280478050127662 0.342559955824883 0.437465341445190 0.406107328605261 0.560471431227499 0.462345576380312 0.167535514590321
0.000000000000000 0.000000000000000 0.000000000000000 0.000000000000000 0.000000000000000 0.000000000000000 0.000000000000000 0.000000000000000 0.000000000000000 0.000000000000000 0.000000000000000 0.000000000000000 0.000000000000000 0.766919400916633 0.729267807427129 0.781429644354904 0.442565302949369 0.828320404714692 0.708623586074638 0.796168564499241 0.779988510147792 0.718391796766052 0.511798300779533 0.738491275667706
0.000000000000000 0.000000000000000 0.000000000000000 0.000000000000000 0.000000000000000 0.000000000000000 0.000000000000000 0.000000000000000 0.000000000000000 0.000000000000000 0.000000000000000 0.000000000000000 0.000000000000000 0.000000000000000 0.735215494935492 0.533557700457650 0.659764740837237 0.372723145957804 0.543181483755758 0.505207021781945 0.534061103183591 0.615506640679330 0.559124488798630 0.340583341358462
0.000000000000000 0.000000000000000 0.000000000000000 0.000000000000000 0.000000000000000 0.000000000000000 0.000000000000000 0.000000000000000 0.000000000000000 0.000000000000000 0.000000000000000 0.000000000000000 0.000000000000000 0.000000000000000 0.000000000000000 0.439974505760041 0.540895239982748 0.512423158570641 0.590508142733747 0.328051648550943 0.397209868574935 0.514627769469175 0.503958457432574 0.505471805336338
0.000000000000000 0.000000000000000 0.000000000000000 0.000000000000000 0.000000000000000 0.000000000000000 0.000000000000000 0.000000000000000 0.000000000000000 0.000000000000000 0.000000000000000 0.000000000000000 0.000000000000000 0.000000000000000 0.000000000000000 0.000000000000000 0.574419663722256 0.555114012196124 0.459442899747470 0.514561835224405 0.438383711283055 0.299416824677539 0.562107751730636 0.444216275506899
0.000000000000000 0.000000000000000 0.000000000000000 0.000000000000000 0.000000000000000 0.000000000000000 0.000000000000000 0.000000000000000 0.000000000000000 0.000000000000000 0.000000000000000 0.000000000000000 0.000000000000000 0.000000000000000 0.000000000000000 0.000000000000000 0.000000000000000 0.698807756206447 0.468373850187838 0.480908682721299 0.464431400980729 0.510696309302860 0.153941704825586 0.444225171397066
0.000000000000000 0.000000000000000 0.000000000000000 0.000000000000000 0.000000000000000 0.000000000000000 0.000000000000000 0.000000000000000 0.000000000000000 0.000000000000000 0.000000000000000 0.000000000000000 0.000000000000000 0.000000000000000 0.000000000000000 0.000000000000000 0.000000000000000 0.000000000000000 0.536354672983798 0.199379347690919 0.389976463293561 0.600095295895872 0.619237681673050 0.432055593648124
0.000000000000000 0.000000000000000 0.000000000000000 0.000000000000000 0.000000000000000 0.000000000000000 0.000000000000000 0.000000000000000 0.000000000000000 0.000000000000000 0.000000000000000 0.000000000000000 0.000000000000000 0.000000000000000 0.000000000000000 0.000000000000000 0.000000000000000 0.000000000000000 0.000000000000000 0.393380972789374 0.356525299826020 0.561069025731683 0.491086104360411 0.233355264020803
0.000000000000000 0.000000000000000 0.000000000000000 0.000000000000000 0.000000000000000 0.000000000000000 0.000000000000000 0.000000000000000 0.000000000000000 0.000000000000000 0.000000000000000 0.000000000000000 0.000000000000000 0.000000000000000 0.000000000000000 0.000000000000000 0.000000000000000 0.000000000000000 0.000000000000000 0.000000000000000 0.426868243105242 0.577089477347776 0.515417933831099 0.330432607389852
0.000000000000000 0.000000000000000 0.000000000000000 0.000000000000000 0.000000000000000 0.000000000000000 0.000000000000000 0.000000000000000 0.000000000000000 0.000000000000000 0.000000000000000 0.000000000000000 0.000000000000000 0.000000000000000 0.000000000000000 0.000000000000000 0.000000000000000 0.000000000000000 0.000000000000000 0.000000000000000 0.000000000000000 0.597763526096711 0.563447891419965 0.319228495367897
0.000000000000000 0.000000000000000 0.000000000000000 0.000000000000000 0.000000000000000 0.000000000000000 0.000000000000000 0.000000000000000 0.000000000000000 0.000000000000000 0.000000000000000 0.000000000000000 0.000000000000000 0.000000000000000 0.000000000000000 0.000000000000000 0.000000000000000 0.000000000000000 0.000000000000000 0.000000000000000 0.000000000000000 0.000000000000000 0.432363286790383 0.573684444564307
0.000000000000000 0.000000000000000 0.000000000000000 0.000000000000000 0.000000000000000 0.000000000000000 0.000000000000000 0.000000000000000 0.000000000000000 0.000000000000000 0.000000000000000 0.000000000000000 0.000000000000000 0.000000000000000 0.000000000000000 0.000000000000000 0.000000000000000 0.000000000000000 0.000000000000000 0.000000000000000 0.000000000000000 0.000000000000000 0.000000000000000 0.386482419279653
0.000000000000000 0.000000000000000 0.000000000000000 0.000000000000000 0.000000000000000 0.000000000000000 0.000000000000000 0.000000000000000 0.000000000000000 0.000000000000000 0.000000000000000 0.000000000000000 0.000000000000000 0.000000000000000 0.000000000000000 0.000000000000000 0.000000000000000 0.000000000000000 0.000000000000000 0.000000000000000 0.000000000000000 0.000000000000000 0.000000000000000 0.000000000000000
