0.000000000000000 0.184131089364555 0.330985894674185 0.435342947599228 0.186524261995068 0.365912504532018 0.478301167095214 0.495869439403459 0.403379094783693 0.464492926489562 0.480887662845717 0.497936600288502 0.224779093125205 0.431698577938533 0.495987696502687
0.000000000000000 0.000000000000000 0.159549630416767 0.242051358389537 0.050950791279928 0.156855153981486 0.274745101516316 0.386579752843035 0.232819110824615 0.371478161962912 0.369669006843386 0.433709566481229 0.103586772964057 0.272522203215578 0.440467864947467
0.000000000000000 0.000000000000000 0.000000000000000 0.057069319871197 0.237236564706335 0.052506511634424 0.140930329373804 0.275551614756884 0.143897658674952 0.199484558730326 0.239710929693709 0.362971652743337 0.289541444570122 0.193330215579480 0.355611998737898
0.000000000000000 0.000000000000000 0.000000000000000 0.000000000000000 0.385989714383777 0.179612818024563 0.092251756325905 0.115137750027993 0.208843470197372 0.176161775258944 0.233065069345554 0.190871625105355 0.374781778165618 0.221236784813760 0.224232138783632
0.000000000000000 0.000000000000000 0.000000000000000 0.000000000000000 0.000000000000000 0.179724950046054 0.393256650693477 0.409233387458467 0.199560144454653 0.427268249124533 0.398353951396917 0.413650112748506 0.079377417364948 0.238847308833131 0.454553631346810
0.000000000000000 0.000000000000000 0.000000000000000 0.000000000000000 0.000000000000000 0.000000000000000 0.081359128224816 0.145205231902149 0.076943040609794 0.152185094595389 0.217302427484469 0.244534753383658 0.229434716266193 0.081060013655589 0.285558090079430
0.000000000000000 0.000000000000000 0.000000000000000 0.000000000000000 0.000000000000000 0.000000000000000 0.000000000000000 0.049952411158962 0.148919060321892 0.035514473867305 0.075318891780256 0.114923351544221 0.385850381291586 0.166282484485858 0.151544901910740
0.000000000000000 0.000000000000000 0.000000000000000 0.000000000000000 0.000000000000000 0.000000000000000 0.000000000000000 0.000000000000000 0.287472935979221 0.091120678770924 0.030941482649471 0.061118091261727 0.450775118393995 0.225878811980961 0.060111397142074
0.000000000000000 0.000000000000000 0.000000000000000 0.000000000000000 0.000000000000000 0.000000000000000 0.000000000000000 0.000000000000000 0.000000000000000 0.095602508572400 0.197044767872046 0.264852419567882 0.193415768475761 0.047922110847028 0.304621542939412
0.000000000000000 0.000000000000000 0.000000000000000 0.000000000000000 0.000000000000000 0.000000000000000 0.000000000000000 0.000000000000000 0.000000000000000 0.000000000000000 0.038828986227819 0.099419123472580 0.410952731698806 0.032876270128752 0.107912755243152
0.000000000000000 0.000000000000000 0.000000000000000 0.000000000000000 0.000000000000000 0.000000000000000 0.000000000000000 0.000000000000000 0.000000000000000 0.000000000000000 0.000000000000000 0.015213514013499 0.468340171497284 0.177765768587426 0.022136374159967
0.000000000000000 0.000000000000000 0.000000000000000 0.000000000000000 0.000000000000000 0.000000000000000 0.000000000000000 0.000000000000000 0.000000000000000 0.000000000000000 0.000000000000000 0.000000000000000 0.480637132065926 0.378435178462242 0.013129017616966
0.000000000000000 0.000000000000000 0.000000000000000 0.000000000000000 0.000000000000000 0.000000000000000 0.000000000000000 0.000000000000000 0.000000000000000 0.000000000000000 0.000000000000000 0.000000000000000 0.000000000000000 0.241861983380775 0.390441948136803
0.000000000000000 0.000000000000000 0.000000000000000 0.000000000000000 0.000000000000000 0.000000000000000 0.000000000000000 0.000000000000000 0.000000000000000 0.000000000000000 0.000000000000000 0.000000000000000 0.000000000000000 0.000000000000000 0.237927418107140
0.000000000000000 0.000000000000000 0.000000000000000 0.000000000000000 0.000000000000000 0.000000000000000 0.000000000000000 0.000000000000000 0.000000000000000 0.000000000000000 0.000000000000000 0.000000000000000 0.000000000000000 0.000000000000000 0.000000000000000
