0.000000000000000 0.722625015620860 0.596550490357799 0.430041054859820 0.176807849203214 0.479852908941071 0.634871532095857 0.589450020277312 0.478931479083466 0.500178847573781 0.432425892137030 0.646795878487095 0.281797771250134 0.728207876525411 0.531778631519181 0.504406584567498
0.000000000000000 0.000000000000000 0.271607721056262 0.415839994694957 0.716283330127693 0.574815466065701 0.213990614057053 0.343913584023412 0.525220339007176 0.593027376196368 0.680455689184688 0.574056481471900 0.636009728977485 0.415081170106342 0.386787573293166 0.407492964221480
0.000000000000000 0.000000000000000 0.000000000000000 0.539583884437138 0.567172858418028 0.512157515725237 0.437521057238503 0.584354975179728 0.445813885955651 0.466627480390143 0.340444671618311 0.723112831427828 0.506358007800552 0.481587405144918 0.207757532083027 0.367600031548564
0.000000000000000 0.000000000000000 0.000000000000000 0.000000000000000 0.550803687998682 0.564679537625566 0.318872092590018 0.307435442001859 0.465868815806712 0.538933383358590 0.622350686375920 0.388576231252046 0.453998471165323 0.477034337609334 0.442345013551846 0.240116140617041
0.000000000000000 0.000000000000000 0.000000000000000 0.000000000000000 0.000000000000000 0.558771466183037 0.619694880318357 0.652270455882876 0.583596190592408 0.433455765508591 0.267922001625843 0.761379791413446 0.358277129453375 0.748804703935882 0.482346229733534 0.518932935272931
0.000000000000000 0.000000000000000 0.000000000000000 0.000000000000000 0.000000000000000 0.000000000000000 0.515084370565745 0.608691803779540 0.288193658499631 0.186022307784447 0.420772434523553 0.688586112639329 0.588528510417114 0.675902661650401 0.529393874244563 0.485598415115908
0.000000000000000 0.000000000000000 0.000000000000000 0.000000000000000 0.000000000000000 0.000000000000000 0.000000000000000 0.266946330010612 0.406300445579635 0.427276725285709 0.581319636823968 0.487495436586151 0.415785872941221 0.391936780145784 0.327327566577451 0.297787329368691
0.000000000000000 0.000000000000000 0.000000000000000 0.000000000000000 0.000000000000000 0.000000000000000 0.000000000000000 0.000000000000000 0.402939896685897 0.586577247189246 0.669615297917453 0.363643183332607 0.422452768972366 0.487658121857733 0.545058421831623 0.346786317110182
0.000000000000000 0.000000000000000 0.000000000000000 0.000000000000000 0.000000000000000 0.000000000000000 0.000000000000000 0.000000000000000 0.000000000000000 0.144069708371003 0.393833841617323 0.549990741656329 0.302448760415638 0.636768513564804 0.457413181814095 0.492373634657121
0.000000000000000 0.000000000000000 0.000000000000000 0.000000000000000 0.000000000000000 0.000000000000000 0.000000000000000 0.000000000000000 0.000000000000000 0.000000000000000 0.277840963035473 0.704358863732567 0.423428400586301 0.678287538928908 0.517794538384822 0.540884606585163
0.000000000000000 0.000000000000000 0.000000000000000 0.000000000000000 0.000000000000000 0.000000000000000 0.000000000000000 0.000000000000000 0.000000000000000 0.000000000000000 0.000000000000000 0.744522685183243 0.570370762041481 0.670482406014840 0.498552874886483 0.596821499139447
0.000000000000000 0.000000000000000 0.000000000000000 0.000000000000000 0.000000000000000 0.000000000000000 0.000000000000000 0.000000000000000 0.000000000000000 0.000000000000000 0.000000000000000 0.000000000000000 0.542022963471975 0.454540448727325 0.591889099312149 0.587011021245068
0.000000000000000 0.000000000000000 0.000000000000000 0.000000000000000 0.000000000000000 0.000000000000000 0.000000000000000 0.000000000000000 0.000000000000000 0.000000000000000 0.000000000000000 0.000000000000000 0.000000000000000 0.606957427579582 0.468253573081331 0.479148366111377
0.000000000000000 0.000000000000000 0.000000000000000 0.000000000000000 0.000000000000000 0.000000000000000 0.000000000000000 0.000000000000000 0.000000000000000 0.000000000000000 0.000000000000000 0.000000000000000 0.000000000000000 0.000000000000000 0.334048824370110 0.370797935172016
0.000000000000000 0.000000000000000 0.000000000000000 0.000000000000000 0.000000000000000 0.000000000000000 0.000000000000000 0.000000000000000 0.000000000000000 0.000000000000000 0.000000000000000 0.000000000000000 0.000000000000000 0.000000000000000 0.000000000000000 0.257948798458585
0.000000000000000 0.000000000000000 0.000000000000000 0.000000000000000 0.000000000000000 0.000000000000000 0.000000000000000 0.000000000000000 0.000000000000000 0.000000000000000 0.000000000000000 0.000000000000000 0.000000000000000 0.000000000000000 0.000000000000000 0.000000000000000
